3.299000000000000e+000	3.299000e+000	3.973581e-007
3.298000000000001e+000	3.298000e+000	7.945380e-007
3.297000000000001e+000	3.297000e+000	1.191540e-006
3.296000000000001e+000	3.296000e+000	1.588363e-006
3.295000000000001e+000	3.295000e+000	1.985008e-006
3.294000000000001e+000	3.294000e+000	2.381475e-006
3.293000000000001e+000	3.293000e+000	2.777764e-006
3.292000000000001e+000	3.292000e+000	3.173874e-006
3.291000000000001e+000	3.291000e+000	3.569806e-006
3.290000000000001e+000	3.290000e+000	3.965560e-006
3.289000000000002e+000	3.289000e+000	4.361136e-006
3.288000000000002e+000	3.288000e+000	4.756533e-006
3.287000000000002e+000	3.287000e+000	5.151752e-006
3.286000000000002e+000	3.286000e+000	5.546793e-006
3.285000000000002e+000	3.285000e+000	5.941655e-006
3.284000000000002e+000	3.284000e+000	6.336339e-006
3.283000000000002e+000	3.283000e+000	6.730845e-006
3.282000000000002e+000	3.282000e+000	7.125172e-006
3.281000000000002e+000	3.281000e+000	7.519322e-006
3.280000000000003e+000	3.280000e+000	7.913292e-006
3.279000000000003e+000	3.279000e+000	8.307084e-006
3.278000000000003e+000	3.278000e+000	8.700698e-006
3.277000000000003e+000	3.277000e+000	9.094134e-006
3.276000000000003e+000	3.276000e+000	9.487391e-006
3.275000000000003e+000	3.275000e+000	9.880470e-006
3.274000000000003e+000	3.274000e+000	1.027337e-005
3.273000000000003e+000	3.273000e+000	1.066609e-005
3.272000000000003e+000	3.272000e+000	1.105864e-005
3.271000000000004e+000	3.271000e+000	1.145100e-005
3.270000000000004e+000	3.270000e+000	1.184319e-005
3.269000000000004e+000	3.269000e+000	1.223520e-005
3.268000000000004e+000	3.268000e+000	1.262703e-005
3.267000000000004e+000	3.267000e+000	1.301868e-005
3.266000000000004e+000	3.266000e+000	1.341015e-005
3.265000000000004e+000	3.265000e+000	1.380145e-005
3.264000000000004e+000	3.264000e+000	1.419256e-005
3.263000000000004e+000	3.263000e+000	1.458350e-005
3.262000000000005e+000	3.262000e+000	1.497426e-005
3.261000000000005e+000	3.261000e+000	1.536484e-005
3.260000000000005e+000	3.260000e+000	1.575525e-005
3.259000000000005e+000	3.259000e+000	1.614547e-005
3.258000000000005e+000	3.258000e+000	1.653552e-005
3.257000000000005e+000	3.257000e+000	1.692538e-005
3.256000000000005e+000	3.256000e+000	1.731507e-005
3.255000000000005e+000	3.255000e+000	1.770458e-005
3.254000000000005e+000	3.254000e+000	1.809391e-005
3.253000000000005e+000	3.253000e+000	1.848307e-005
3.252000000000006e+000	3.252000e+000	1.887204e-005
3.251000000000006e+000	3.251000e+000	1.926083e-005
3.250000000000006e+000	3.250000e+000	1.964945e-005
3.249000000000006e+000	3.249000e+000	2.003789e-005
3.248000000000006e+000	3.248000e+000	2.042615e-005
3.247000000000006e+000	3.247000e+000	2.081423e-005
3.246000000000006e+000	3.246000e+000	2.120214e-005
3.245000000000006e+000	3.245000e+000	2.158986e-005
3.244000000000006e+000	3.244000e+000	2.197741e-005
3.243000000000007e+000	3.243000e+000	2.236477e-005
3.242000000000007e+000	3.242000e+000	2.275196e-005
3.241000000000007e+000	3.241000e+000	2.313897e-005
3.240000000000007e+000	3.240000e+000	2.352581e-005
3.239000000000007e+000	3.239000e+000	2.391246e-005
3.238000000000007e+000	3.238000e+000	2.429893e-005
3.237000000000007e+000	3.237000e+000	2.468523e-005
3.236000000000007e+000	3.236000e+000	2.507135e-005
3.235000000000007e+000	3.235000e+000	2.545729e-005
3.234000000000008e+000	3.234000e+000	2.584305e-005
3.233000000000008e+000	3.233000e+000	2.622863e-005
3.232000000000008e+000	3.232000e+000	2.661403e-005
3.231000000000008e+000	3.231000e+000	2.699925e-005
3.230000000000008e+000	3.230000e+000	2.738430e-005
3.229000000000008e+000	3.229000e+000	2.776917e-005
3.228000000000008e+000	3.228000e+000	2.815385e-005
3.227000000000008e+000	3.227000e+000	2.853836e-005
3.226000000000008e+000	3.226000e+000	2.892269e-005
3.225000000000009e+000	3.225000e+000	2.930684e-005
3.224000000000009e+000	3.224000e+000	2.969082e-005
3.223000000000009e+000	3.223000e+000	3.007461e-005
3.222000000000009e+000	3.222000e+000	3.045823e-005
3.221000000000009e+000	3.221000e+000	3.084166e-005
3.220000000000009e+000	3.220000e+000	3.122492e-005
3.219000000000009e+000	3.219000e+000	3.160800e-005
3.218000000000009e+000	3.218000e+000	3.199090e-005
3.217000000000009e+000	3.217000e+000	3.237362e-005
3.216000000000010e+000	3.216000e+000	3.275617e-005
3.215000000000010e+000	3.215000e+000	3.313853e-005
3.214000000000010e+000	3.214000e+000	3.352072e-005
3.213000000000010e+000	3.213000e+000	3.390272e-005
3.212000000000010e+000	3.212000e+000	3.428455e-005
3.211000000000010e+000	3.211000e+000	3.466620e-005
3.210000000000010e+000	3.210000e+000	3.504767e-005
3.209000000000010e+000	3.209000e+000	3.542896e-005
3.208000000000010e+000	3.208000e+000	3.581008e-005
3.207000000000011e+000	3.207000e+000	3.619101e-005
3.206000000000011e+000	3.206000e+000	3.657176e-005
3.205000000000011e+000	3.205000e+000	3.695234e-005
3.204000000000011e+000	3.204000e+000	3.733274e-005
3.203000000000011e+000	3.203000e+000	3.771296e-005
3.202000000000011e+000	3.202000e+000	3.809300e-005
3.201000000000011e+000	3.201000e+000	3.847286e-005
3.200000000000011e+000	3.200000e+000	3.885254e-005
3.199000000000011e+000	3.199000e+000	3.923204e-005
3.198000000000012e+000	3.198000e+000	3.961137e-005
3.197000000000012e+000	3.197000e+000	3.999051e-005
3.196000000000012e+000	3.196000e+000	4.036948e-005
3.195000000000012e+000	3.195000e+000	4.074827e-005
3.194000000000012e+000	3.194000e+000	4.112688e-005
3.193000000000012e+000	3.193000e+000	4.150531e-005
3.192000000000012e+000	3.192000e+000	4.188356e-005
3.191000000000012e+000	3.191000e+000	4.226163e-005
3.190000000000012e+000	3.190000e+000	4.263952e-005
3.189000000000013e+000	3.189000e+000	4.301724e-005
3.188000000000013e+000	3.188000e+000	4.339477e-005
3.187000000000013e+000	3.187000e+000	4.377213e-005
3.186000000000013e+000	3.186000e+000	4.414930e-005
3.185000000000013e+000	3.185000e+000	4.452630e-005
3.184000000000013e+000	3.184000e+000	4.490312e-005
3.183000000000013e+000	3.183000e+000	4.527976e-005
3.182000000000013e+000	3.182000e+000	4.565622e-005
3.181000000000013e+000	3.181000e+000	4.603251e-005
3.180000000000014e+000	3.180000e+000	4.640861e-005
3.179000000000014e+000	3.179000e+000	4.678453e-005
3.178000000000014e+000	3.178000e+000	4.716028e-005
3.177000000000014e+000	3.177000e+000	4.753584e-005
3.176000000000014e+000	3.176000e+000	4.791123e-005
3.175000000000014e+000	3.175000e+000	4.828644e-005
3.174000000000014e+000	3.174000e+000	4.866147e-005
3.173000000000014e+000	3.173000e+000	4.903632e-005
3.172000000000014e+000	3.172000e+000	4.941099e-005
3.171000000000015e+000	3.171000e+000	4.978548e-005
3.170000000000015e+000	3.170000e+000	5.015979e-005
3.169000000000015e+000	3.169000e+000	5.053393e-005
3.168000000000015e+000	3.168000e+000	5.090788e-005
3.167000000000015e+000	3.167000e+000	5.128166e-005
3.166000000000015e+000	3.166000e+000	5.165525e-005
3.165000000000015e+000	3.165000e+000	5.202867e-005
3.164000000000015e+000	3.164000e+000	5.240191e-005
3.163000000000015e+000	3.163000e+000	5.277497e-005
3.162000000000016e+000	3.162000e+000	5.314785e-005
3.161000000000016e+000	3.161000e+000	5.352055e-005
3.160000000000016e+000	3.160000e+000	5.389307e-005
3.159000000000016e+000	3.159000e+000	5.426541e-005
3.158000000000016e+000	3.158000e+000	5.463758e-005
3.157000000000016e+000	3.157000e+000	5.500956e-005
3.156000000000016e+000	3.156000e+000	5.538137e-005
3.155000000000016e+000	3.155000e+000	5.575299e-005
3.154000000000016e+000	3.154000e+000	5.612444e-005
3.153000000000017e+000	3.153000e+000	5.649570e-005
3.152000000000017e+000	3.152000e+000	5.686679e-005
3.151000000000017e+000	3.151000e+000	5.723770e-005
3.150000000000017e+000	3.150000e+000	5.760843e-005
3.149000000000017e+000	3.149000e+000	5.797898e-005
3.148000000000017e+000	3.148000e+000	5.834936e-005
3.147000000000017e+000	3.147000e+000	5.871955e-005
3.146000000000017e+000	3.146000e+000	5.908956e-005
3.145000000000017e+000	3.145000e+000	5.945939e-005
3.144000000000017e+000	3.144000e+000	5.982905e-005
3.143000000000018e+000	3.143000e+000	6.019853e-005
3.142000000000018e+000	3.142000e+000	6.056782e-005
3.141000000000018e+000	3.141000e+000	6.093694e-005
3.140000000000018e+000	3.140000e+000	6.130587e-005
3.139000000000018e+000	3.139000e+000	6.167463e-005
3.138000000000018e+000	3.138000e+000	6.204321e-005
3.137000000000018e+000	3.137000e+000	6.241161e-005
3.136000000000018e+000	3.136000e+000	6.277984e-005
3.135000000000018e+000	3.135000e+000	6.314788e-005
3.134000000000019e+000	3.134000e+000	6.351573e-005
3.133000000000019e+000	3.133000e+000	6.388342e-005
3.132000000000019e+000	3.132000e+000	6.425092e-005
3.131000000000019e+000	3.131000e+000	6.461825e-005
3.130000000000019e+000	3.130000e+000	6.498539e-005
3.129000000000019e+000	3.129000e+000	6.535235e-005
3.128000000000019e+000	3.128000e+000	6.571914e-005
3.127000000000019e+000	3.127000e+000	6.608575e-005
3.126000000000019e+000	3.126000e+000	6.645217e-005
3.125000000000020e+000	3.125000e+000	6.681842e-005
3.124000000000020e+000	3.124000e+000	6.718449e-005
3.123000000000020e+000	3.123000e+000	6.755038e-005
3.122000000000020e+000	3.122000e+000	6.791609e-005
3.121000000000020e+000	3.121000e+000	6.828162e-005
3.120000000000020e+000	3.120000e+000	6.864697e-005
3.119000000000020e+000	3.119000e+000	6.901215e-005
3.118000000000020e+000	3.118000e+000	6.937714e-005
3.117000000000020e+000	3.117000e+000	6.974195e-005
3.116000000000021e+000	3.116000e+000	7.010658e-005
3.115000000000021e+000	3.115000e+000	7.047103e-005
3.114000000000021e+000	3.114000e+000	7.083531e-005
3.113000000000021e+000	3.113000e+000	7.119940e-005
3.112000000000021e+000	3.112000e+000	7.156331e-005
3.111000000000021e+000	3.111000e+000	7.192705e-005
3.110000000000021e+000	3.110000e+000	7.229061e-005
3.109000000000021e+000	3.109000e+000	7.265399e-005
3.108000000000021e+000	3.108000e+000	7.301718e-005
3.107000000000022e+000	3.107000e+000	7.338020e-005
3.106000000000022e+000	3.106000e+000	7.374304e-005
3.105000000000022e+000	3.105000e+000	7.410570e-005
3.104000000000022e+000	3.104000e+000	7.446818e-005
3.103000000000022e+000	3.103000e+000	7.483048e-005
3.102000000000022e+000	3.102000e+000	7.519260e-005
3.101000000000022e+000	3.101000e+000	7.555454e-005
3.100000000000022e+000	3.100000e+000	7.591630e-005
3.099000000000022e+000	3.099000e+000	7.627788e-005
3.098000000000023e+000	3.098000e+000	7.663928e-005
3.097000000000023e+000	3.097000e+000	7.700051e-005
3.096000000000023e+000	3.096000e+000	7.736155e-005
3.095000000000023e+000	3.095000e+000	7.772241e-005
3.094000000000023e+000	3.094000e+000	7.808310e-005
3.093000000000023e+000	3.093000e+000	7.844361e-005
3.092000000000023e+000	3.092000e+000	7.880393e-005
3.091000000000023e+000	3.091000e+000	7.916407e-005
3.090000000000023e+000	3.090000e+000	7.952404e-005
3.089000000000024e+000	3.089000e+000	7.988382e-005
3.088000000000024e+000	3.088000e+000	8.024343e-005
3.087000000000024e+000	3.087000e+000	8.060286e-005
3.086000000000024e+000	3.086000e+000	8.096211e-005
3.085000000000024e+000	3.085000e+000	8.132117e-005
3.084000000000024e+000	3.084000e+000	8.168006e-005
3.083000000000024e+000	3.083000e+000	8.203877e-005
3.082000000000024e+000	3.082000e+000	8.239730e-005
3.081000000000024e+000	3.081000e+000	8.275564e-005
3.080000000000025e+000	3.080000e+000	8.311382e-005
3.079000000000025e+000	3.079000e+000	8.347181e-005
3.078000000000025e+000	3.078000e+000	8.382962e-005
3.077000000000025e+000	3.077000e+000	8.418725e-005
3.076000000000025e+000	3.076000e+000	8.454470e-005
3.075000000000025e+000	3.075000e+000	8.490197e-005
3.074000000000025e+000	3.074000e+000	8.525906e-005
3.073000000000025e+000	3.073000e+000	8.561597e-005
3.072000000000025e+000	3.072000e+000	8.597270e-005
3.071000000000026e+000	3.071000e+000	8.632925e-005
3.070000000000026e+000	3.070000e+000	8.668563e-005
3.069000000000026e+000	3.069000e+000	8.704182e-005
3.068000000000026e+000	3.068000e+000	8.739783e-005
3.067000000000026e+000	3.067000e+000	8.775367e-005
3.066000000000026e+000	3.066000e+000	8.810931e-005
3.065000000000026e+000	3.065000e+000	8.846479e-005
3.064000000000026e+000	3.064000e+000	8.882008e-005
3.063000000000026e+000	3.063000e+000	8.917520e-005
3.062000000000027e+000	3.062000e+000	8.953013e-005
3.061000000000027e+000	3.061000e+000	8.988489e-005
3.060000000000027e+000	3.060000e+000	9.023946e-005
3.059000000000027e+000	3.059000e+000	9.059386e-005
3.058000000000027e+000	3.058000e+000	9.094807e-005
3.057000000000027e+000	3.057000e+000	9.130211e-005
3.056000000000027e+000	3.056000e+000	9.165596e-005
3.055000000000027e+000	3.055000e+000	9.200964e-005
3.054000000000027e+000	3.054000e+000	9.236313e-005
3.053000000000028e+000	3.053000e+000	9.271644e-005
3.052000000000028e+000	3.052000e+000	9.306958e-005
3.051000000000028e+000	3.051000e+000	9.342254e-005
3.050000000000028e+000	3.050000e+000	9.377531e-005
3.049000000000028e+000	3.049000e+000	9.412791e-005
3.048000000000028e+000	3.048000e+000	9.448033e-005
3.047000000000028e+000	3.047000e+000	9.483256e-005
3.046000000000028e+000	3.046000e+000	9.518462e-005
3.045000000000028e+000	3.045000e+000	9.553650e-005
3.044000000000029e+000	3.044000e+000	9.588819e-005
3.043000000000029e+000	3.043000e+000	9.623971e-005
3.042000000000029e+000	3.042000e+000	9.659105e-005
3.041000000000029e+000	3.041000e+000	9.694220e-005
3.040000000000029e+000	3.040000e+000	9.729318e-005
3.039000000000029e+000	3.039000e+000	9.764398e-005
3.038000000000029e+000	3.038000e+000	9.799460e-005
3.037000000000029e+000	3.037000e+000	9.834503e-005
3.036000000000029e+000	3.036000e+000	9.869529e-005
3.035000000000030e+000	3.035000e+000	9.904537e-005
3.034000000000030e+000	3.034000e+000	9.939526e-005
3.033000000000030e+000	3.033000e+000	9.974498e-005
3.032000000000030e+000	3.032000e+000	1.000945e-004
3.031000000000030e+000	3.031000e+000	1.004439e-004
3.030000000000030e+000	3.030000e+000	1.007931e-004
3.029000000000030e+000	3.029000e+000	1.011421e-004
3.028000000000030e+000	3.028000e+000	1.014909e-004
3.027000000000030e+000	3.027000e+000	1.018395e-004
3.026000000000030e+000	3.026000e+000	1.021880e-004
3.025000000000031e+000	3.025000e+000	1.025362e-004
3.024000000000031e+000	3.024000e+000	1.028843e-004
3.023000000000031e+000	3.023000e+000	1.032323e-004
3.022000000000031e+000	3.022000e+000	1.035800e-004
3.021000000000031e+000	3.021000e+000	1.039276e-004
3.020000000000031e+000	3.020000e+000	1.042749e-004
3.019000000000031e+000	3.019000e+000	1.046221e-004
3.018000000000031e+000	3.018000e+000	1.049691e-004
3.017000000000031e+000	3.017000e+000	1.053160e-004
3.016000000000032e+000	3.016000e+000	1.056626e-004
3.015000000000032e+000	3.015000e+000	1.060091e-004
3.014000000000032e+000	3.014000e+000	1.063554e-004
3.013000000000032e+000	3.013000e+000	1.067015e-004
3.012000000000032e+000	3.012000e+000	1.070475e-004
3.011000000000032e+000	3.011000e+000	1.073932e-004
3.010000000000032e+000	3.010000e+000	1.077388e-004
3.009000000000032e+000	3.009000e+000	1.080842e-004
3.008000000000032e+000	3.008000e+000	1.084294e-004
3.007000000000033e+000	3.007000e+000	1.087744e-004
3.006000000000033e+000	3.006000e+000	1.091193e-004
3.005000000000033e+000	3.005000e+000	1.094640e-004
3.004000000000033e+000	3.004000e+000	1.098085e-004
3.003000000000033e+000	3.003000e+000	1.101528e-004
3.002000000000033e+000	3.002000e+000	1.104969e-004
3.001000000000033e+000	3.001000e+000	1.108409e-004
3.000000000000033e+000	3.000000e+000	1.111846e-004
2.999000000000033e+000	2.999000e+000	1.115282e-004
2.998000000000034e+000	2.998000e+000	1.118717e-004
2.997000000000034e+000	2.997000e+000	1.122149e-004
2.996000000000034e+000	2.996000e+000	1.125579e-004
2.995000000000034e+000	2.995000e+000	1.129008e-004
2.994000000000034e+000	2.994000e+000	1.132435e-004
2.993000000000034e+000	2.993000e+000	1.135860e-004
2.992000000000034e+000	2.992000e+000	1.139283e-004
2.991000000000034e+000	2.991000e+000	1.142705e-004
2.990000000000034e+000	2.990000e+000	1.146125e-004
2.989000000000035e+000	2.989000e+000	1.149543e-004
2.988000000000035e+000	2.988000e+000	1.152959e-004
2.987000000000035e+000	2.987000e+000	1.156373e-004
2.986000000000035e+000	2.986000e+000	1.159786e-004
2.985000000000035e+000	2.985000e+000	1.163196e-004
2.984000000000035e+000	2.984000e+000	1.166605e-004
2.983000000000035e+000	2.983000e+000	1.170012e-004
2.982000000000035e+000	2.982000e+000	1.173418e-004
2.981000000000035e+000	2.981000e+000	1.176821e-004
2.980000000000036e+000	2.980000e+000	1.180223e-004
2.979000000000036e+000	2.979000e+000	1.183623e-004
2.978000000000036e+000	2.978000e+000	1.187021e-004
2.977000000000036e+000	2.977000e+000	1.190417e-004
2.976000000000036e+000	2.976000e+000	1.193811e-004
2.975000000000036e+000	2.975000e+000	1.197204e-004
2.974000000000036e+000	2.974000e+000	1.200595e-004
2.973000000000036e+000	2.973000e+000	1.203984e-004
2.972000000000036e+000	2.972000e+000	1.207371e-004
2.971000000000037e+000	2.971000e+000	1.210757e-004
2.970000000000037e+000	2.970000e+000	1.214140e-004
2.969000000000037e+000	2.969000e+000	1.217522e-004
2.968000000000037e+000	2.968000e+000	1.220902e-004
2.967000000000037e+000	2.967000e+000	1.224281e-004
2.966000000000037e+000	2.966000e+000	1.227657e-004
2.965000000000037e+000	2.965000e+000	1.231032e-004
2.964000000000037e+000	2.964000e+000	1.234404e-004
2.963000000000037e+000	2.963000e+000	1.237775e-004
2.962000000000038e+000	2.962000e+000	1.241145e-004
2.961000000000038e+000	2.961000e+000	1.244512e-004
2.960000000000038e+000	2.960000e+000	1.247878e-004
2.959000000000038e+000	2.959000e+000	1.251241e-004
2.958000000000038e+000	2.958000e+000	1.254604e-004
2.957000000000038e+000	2.957000e+000	1.257964e-004
2.956000000000038e+000	2.956000e+000	1.261322e-004
2.955000000000038e+000	2.955000e+000	1.264679e-004
2.954000000000038e+000	2.954000e+000	1.268034e-004
2.953000000000039e+000	2.953000e+000	1.271386e-004
2.952000000000039e+000	2.952000e+000	1.274738e-004
2.951000000000039e+000	2.951000e+000	1.278087e-004
2.950000000000039e+000	2.950000e+000	1.281435e-004
2.949000000000039e+000	2.949000e+000	1.284780e-004
2.948000000000039e+000	2.948000e+000	1.288124e-004
2.947000000000039e+000	2.947000e+000	1.291466e-004
2.946000000000039e+000	2.946000e+000	1.294807e-004
2.945000000000039e+000	2.945000e+000	1.298145e-004
2.944000000000040e+000	2.944000e+000	1.301482e-004
2.943000000000040e+000	2.943000e+000	1.304817e-004
2.942000000000040e+000	2.942000e+000	1.308150e-004
2.941000000000040e+000	2.941000e+000	1.311481e-004
2.940000000000040e+000	2.940000e+000	1.314811e-004
2.939000000000040e+000	2.939000e+000	1.318139e-004
2.938000000000040e+000	2.938000e+000	1.321464e-004
2.937000000000040e+000	2.937000e+000	1.324788e-004
2.936000000000040e+000	2.936000e+000	1.328111e-004
2.935000000000041e+000	2.935000e+000	1.331431e-004
2.934000000000041e+000	2.934000e+000	1.334750e-004
2.933000000000041e+000	2.933000e+000	1.338067e-004
2.932000000000041e+000	2.932000e+000	1.341382e-004
2.931000000000041e+000	2.931000e+000	1.344695e-004
2.930000000000041e+000	2.930000e+000	1.348006e-004
2.929000000000041e+000	2.929000e+000	1.351316e-004
2.928000000000041e+000	2.928000e+000	1.354624e-004
2.927000000000041e+000	2.927000e+000	1.357930e-004
2.926000000000042e+000	2.926000e+000	1.361234e-004
2.925000000000042e+000	2.925000e+000	1.364537e-004
2.924000000000042e+000	2.924000e+000	1.367837e-004
2.923000000000042e+000	2.923000e+000	1.371136e-004
2.922000000000042e+000	2.922000e+000	1.374433e-004
2.921000000000042e+000	2.921000e+000	1.377728e-004
2.920000000000042e+000	2.920000e+000	1.381021e-004
2.919000000000042e+000	2.919000e+000	1.384313e-004
2.918000000000042e+000	2.918000e+000	1.387603e-004
2.917000000000042e+000	2.917000e+000	1.390891e-004
2.916000000000043e+000	2.916000e+000	1.394177e-004
2.915000000000043e+000	2.915000e+000	1.397461e-004
2.914000000000043e+000	2.914000e+000	1.400744e-004
2.913000000000043e+000	2.913000e+000	1.404024e-004
2.912000000000043e+000	2.912000e+000	1.407303e-004
2.911000000000043e+000	2.911000e+000	1.410580e-004
2.910000000000043e+000	2.910000e+000	1.413856e-004
2.909000000000043e+000	2.909000e+000	1.417129e-004
2.908000000000043e+000	2.908000e+000	1.420401e-004
2.907000000000044e+000	2.907000e+000	1.423671e-004
2.906000000000044e+000	2.906000e+000	1.426939e-004
2.905000000000044e+000	2.905000e+000	1.430205e-004
2.904000000000044e+000	2.904000e+000	1.433469e-004
2.903000000000044e+000	2.903000e+000	1.436732e-004
2.902000000000044e+000	2.902000e+000	1.439993e-004
2.901000000000044e+000	2.901000e+000	1.443252e-004
2.900000000000044e+000	2.900000e+000	1.446509e-004
2.899000000000044e+000	2.899000e+000	1.449765e-004
2.898000000000045e+000	2.898000e+000	1.453018e-004
2.897000000000045e+000	2.897000e+000	1.456270e-004
2.896000000000045e+000	2.896000e+000	1.459520e-004
2.895000000000045e+000	2.895000e+000	1.462768e-004
2.894000000000045e+000	2.894000e+000	1.466015e-004
2.893000000000045e+000	2.893000e+000	1.469259e-004
2.892000000000045e+000	2.892000e+000	1.472502e-004
2.891000000000045e+000	2.891000e+000	1.475743e-004
2.890000000000045e+000	2.890000e+000	1.478982e-004
2.889000000000046e+000	2.889000e+000	1.482219e-004
2.888000000000046e+000	2.888000e+000	1.485455e-004
2.887000000000046e+000	2.887000e+000	1.488688e-004
2.886000000000046e+000	2.886000e+000	1.491920e-004
2.885000000000046e+000	2.885000e+000	1.495150e-004
2.884000000000046e+000	2.884000e+000	1.498378e-004
2.883000000000046e+000	2.883000e+000	1.501605e-004
2.882000000000046e+000	2.882000e+000	1.504830e-004
2.881000000000046e+000	2.881000e+000	1.508052e-004
2.880000000000047e+000	2.880000e+000	1.511273e-004
2.879000000000047e+000	2.879000e+000	1.514493e-004
2.878000000000047e+000	2.878000e+000	1.517710e-004
2.877000000000047e+000	2.877000e+000	1.520926e-004
2.876000000000047e+000	2.876000e+000	1.524139e-004
2.875000000000047e+000	2.875000e+000	1.527351e-004
2.874000000000047e+000	2.874000e+000	1.530562e-004
2.873000000000047e+000	2.873000e+000	1.533770e-004
2.872000000000047e+000	2.872000e+000	1.536976e-004
2.871000000000048e+000	2.871000e+000	1.540181e-004
2.870000000000048e+000	2.870000e+000	1.543384e-004
2.869000000000048e+000	2.869000e+000	1.546585e-004
2.868000000000048e+000	2.868000e+000	1.549785e-004
2.867000000000048e+000	2.867000e+000	1.552982e-004
2.866000000000048e+000	2.866000e+000	1.556178e-004
2.865000000000048e+000	2.865000e+000	1.559371e-004
2.864000000000048e+000	2.864000e+000	1.562564e-004
2.863000000000048e+000	2.863000e+000	1.565754e-004
2.862000000000049e+000	2.862000e+000	1.568942e-004
2.861000000000049e+000	2.861000e+000	1.572129e-004
2.860000000000049e+000	2.860000e+000	1.575314e-004
2.859000000000049e+000	2.859000e+000	1.578497e-004
2.858000000000049e+000	2.858000e+000	1.581678e-004
2.857000000000049e+000	2.857000e+000	1.584857e-004
2.856000000000049e+000	2.856000e+000	1.588035e-004
2.855000000000049e+000	2.855000e+000	1.591210e-004
2.854000000000049e+000	2.854000e+000	1.594384e-004
2.853000000000050e+000	2.853000e+000	1.597557e-004
2.852000000000050e+000	2.852000e+000	1.600727e-004
2.851000000000050e+000	2.851000e+000	1.603895e-004
2.850000000000050e+000	2.850000e+000	1.607062e-004
2.849000000000050e+000	2.849000e+000	1.610227e-004
2.848000000000050e+000	2.848000e+000	1.613390e-004
2.847000000000050e+000	2.847000e+000	1.616551e-004
2.846000000000050e+000	2.846000e+000	1.619711e-004
2.845000000000050e+000	2.845000e+000	1.622868e-004
2.844000000000051e+000	2.844000e+000	1.626024e-004
2.843000000000051e+000	2.843000e+000	1.629178e-004
2.842000000000051e+000	2.842000e+000	1.632330e-004
2.841000000000051e+000	2.841000e+000	1.635481e-004
2.840000000000051e+000	2.840000e+000	1.638629e-004
2.839000000000051e+000	2.839000e+000	1.641776e-004
2.838000000000051e+000	2.838000e+000	1.644921e-004
2.837000000000051e+000	2.837000e+000	1.648064e-004
2.836000000000051e+000	2.836000e+000	1.651205e-004
2.835000000000052e+000	2.835000e+000	1.654345e-004
2.834000000000052e+000	2.834000e+000	1.657483e-004
2.833000000000052e+000	2.833000e+000	1.660618e-004
2.832000000000052e+000	2.832000e+000	1.663752e-004
2.831000000000052e+000	2.831000e+000	1.666885e-004
2.830000000000052e+000	2.830000e+000	1.670015e-004
2.829000000000052e+000	2.829000e+000	1.673144e-004
2.828000000000052e+000	2.828000e+000	1.676271e-004
2.827000000000052e+000	2.827000e+000	1.679396e-004
2.826000000000053e+000	2.826000e+000	1.682519e-004
2.825000000000053e+000	2.825000e+000	1.685640e-004
2.824000000000053e+000	2.824000e+000	1.688760e-004
2.823000000000053e+000	2.823000e+000	1.691878e-004
2.822000000000053e+000	2.822000e+000	1.694993e-004
2.821000000000053e+000	2.821000e+000	1.698108e-004
2.820000000000053e+000	2.820000e+000	1.701220e-004
2.819000000000053e+000	2.819000e+000	1.704330e-004
2.818000000000053e+000	2.818000e+000	1.707439e-004
2.817000000000054e+000	2.817000e+000	1.710546e-004
2.816000000000054e+000	2.816000e+000	1.713651e-004
2.815000000000054e+000	2.815000e+000	1.716754e-004
2.814000000000054e+000	2.814000e+000	1.719855e-004
2.813000000000054e+000	2.813000e+000	1.722955e-004
2.812000000000054e+000	2.812000e+000	1.726053e-004
2.811000000000054e+000	2.811000e+000	1.729149e-004
2.810000000000054e+000	2.810000e+000	1.732243e-004
2.809000000000054e+000	2.809000e+000	1.735335e-004
2.808000000000055e+000	2.808000e+000	1.738426e-004
2.807000000000055e+000	2.807000e+000	1.741515e-004
2.806000000000055e+000	2.806000e+000	1.744602e-004
2.805000000000055e+000	2.805000e+000	1.747687e-004
2.804000000000055e+000	2.804000e+000	1.750770e-004
2.803000000000055e+000	2.803000e+000	1.753851e-004
2.802000000000055e+000	2.802000e+000	1.756931e-004
2.801000000000055e+000	2.801000e+000	1.760009e-004
2.800000000000055e+000	2.800000e+000	1.763085e-004
2.799000000000055e+000	2.799000e+000	1.766159e-004
2.798000000000056e+000	2.798000e+000	1.769231e-004
2.797000000000056e+000	2.797000e+000	1.772302e-004
2.796000000000056e+000	2.796000e+000	1.775371e-004
2.795000000000056e+000	2.795000e+000	1.778438e-004
2.794000000000056e+000	2.794000e+000	1.781503e-004
2.793000000000056e+000	2.793000e+000	1.784566e-004
2.792000000000056e+000	2.792000e+000	1.787628e-004
2.791000000000056e+000	2.791000e+000	1.790687e-004
2.790000000000056e+000	2.790000e+000	1.793745e-004
2.789000000000057e+000	2.789000e+000	1.796801e-004
2.788000000000057e+000	2.788000e+000	1.799855e-004
2.787000000000057e+000	2.787000e+000	1.802908e-004
2.786000000000057e+000	2.786000e+000	1.805958e-004
2.785000000000057e+000	2.785000e+000	1.809007e-004
2.784000000000057e+000	2.784000e+000	1.812054e-004
2.783000000000057e+000	2.783000e+000	1.815099e-004
2.782000000000057e+000	2.782000e+000	1.818142e-004
2.781000000000057e+000	2.781000e+000	1.821184e-004
2.780000000000058e+000	2.780000e+000	1.824224e-004
2.779000000000058e+000	2.779000e+000	1.827261e-004
2.778000000000058e+000	2.778000e+000	1.830298e-004
2.777000000000058e+000	2.777000e+000	1.833332e-004
2.776000000000058e+000	2.776000e+000	1.836364e-004
2.775000000000058e+000	2.775000e+000	1.839395e-004
2.774000000000058e+000	2.774000e+000	1.842424e-004
2.773000000000058e+000	2.773000e+000	1.845451e-004
2.772000000000058e+000	2.772000e+000	1.848476e-004
2.771000000000059e+000	2.771000e+000	1.851499e-004
2.770000000000059e+000	2.770000e+000	1.854521e-004
2.769000000000059e+000	2.769000e+000	1.857540e-004
2.768000000000059e+000	2.768000e+000	1.860558e-004
2.767000000000059e+000	2.767000e+000	1.863574e-004
2.766000000000059e+000	2.766000e+000	1.866588e-004
2.765000000000059e+000	2.765000e+000	1.869601e-004
2.764000000000059e+000	2.764000e+000	1.872611e-004
2.763000000000059e+000	2.763000e+000	1.875620e-004
2.762000000000060e+000	2.762000e+000	1.878627e-004
2.761000000000060e+000	2.761000e+000	1.881632e-004
2.760000000000060e+000	2.760000e+000	1.884636e-004
2.759000000000060e+000	2.759000e+000	1.887637e-004
2.758000000000060e+000	2.758000e+000	1.890637e-004
2.757000000000060e+000	2.757000e+000	1.893635e-004
2.756000000000060e+000	2.756000e+000	1.896631e-004
2.755000000000060e+000	2.755000e+000	1.899625e-004
2.754000000000060e+000	2.754000e+000	1.902618e-004
2.753000000000061e+000	2.753000e+000	1.905608e-004
2.752000000000061e+000	2.752000e+000	1.908597e-004
2.751000000000061e+000	2.751000e+000	1.911584e-004
2.750000000000061e+000	2.750000e+000	1.914569e-004
2.749000000000061e+000	2.749000e+000	1.917552e-004
2.748000000000061e+000	2.748000e+000	1.920534e-004
2.747000000000061e+000	2.747000e+000	1.923514e-004
2.746000000000061e+000	2.746000e+000	1.926492e-004
2.745000000000061e+000	2.745000e+000	1.929468e-004
2.744000000000062e+000	2.744000e+000	1.932442e-004
2.743000000000062e+000	2.743000e+000	1.935414e-004
2.742000000000062e+000	2.742000e+000	1.938385e-004
2.741000000000062e+000	2.741000e+000	1.941354e-004
2.740000000000062e+000	2.740000e+000	1.944321e-004
2.739000000000062e+000	2.739000e+000	1.947286e-004
2.738000000000062e+000	2.738000e+000	1.950249e-004
2.737000000000062e+000	2.737000e+000	1.953211e-004
2.736000000000062e+000	2.736000e+000	1.956170e-004
2.735000000000063e+000	2.735000e+000	1.959128e-004
2.734000000000063e+000	2.734000e+000	1.962084e-004
2.733000000000063e+000	2.733000e+000	1.965039e-004
2.732000000000063e+000	2.732000e+000	1.967991e-004
2.731000000000063e+000	2.731000e+000	1.970942e-004
2.730000000000063e+000	2.730000e+000	1.973890e-004
2.729000000000063e+000	2.729000e+000	1.976837e-004
2.728000000000063e+000	2.728000e+000	1.979782e-004
2.727000000000063e+000	2.727000e+000	1.982726e-004
2.726000000000064e+000	2.726000e+000	1.985667e-004
2.725000000000064e+000	2.725000e+000	1.988607e-004
2.724000000000064e+000	2.724000e+000	1.991545e-004
2.723000000000064e+000	2.723000e+000	1.994481e-004
2.722000000000064e+000	2.722000e+000	1.997415e-004
2.721000000000064e+000	2.721000e+000	2.000347e-004
2.720000000000064e+000	2.720000e+000	2.003278e-004
2.719000000000064e+000	2.719000e+000	2.006206e-004
2.718000000000064e+000	2.718000e+000	2.009133e-004
2.717000000000065e+000	2.717000e+000	2.012059e-004
2.716000000000065e+000	2.716000e+000	2.014982e-004
2.715000000000065e+000	2.715000e+000	2.017903e-004
2.714000000000065e+000	2.714000e+000	2.020823e-004
2.713000000000065e+000	2.713000e+000	2.023741e-004
2.712000000000065e+000	2.712000e+000	2.026657e-004
2.711000000000065e+000	2.711000e+000	2.029571e-004
2.710000000000065e+000	2.710000e+000	2.032483e-004
2.709000000000065e+000	2.709000e+000	2.035394e-004
2.708000000000066e+000	2.708000e+000	2.038302e-004
2.707000000000066e+000	2.707000e+000	2.041209e-004
2.706000000000066e+000	2.706000e+000	2.044115e-004
2.705000000000066e+000	2.705000e+000	2.047018e-004
2.704000000000066e+000	2.704000e+000	2.049919e-004
2.703000000000066e+000	2.703000e+000	2.052819e-004
2.702000000000066e+000	2.702000e+000	2.055717e-004
2.701000000000066e+000	2.701000e+000	2.058613e-004
2.700000000000066e+000	2.700000e+000	2.061507e-004
2.699000000000067e+000	2.699000e+000	2.064399e-004
2.698000000000067e+000	2.698000e+000	2.067289e-004
2.697000000000067e+000	2.697000e+000	2.070178e-004
2.696000000000067e+000	2.696000e+000	2.073065e-004
2.695000000000067e+000	2.695000e+000	2.075950e-004
2.694000000000067e+000	2.694000e+000	2.078833e-004
2.693000000000067e+000	2.693000e+000	2.081715e-004
2.692000000000067e+000	2.692000e+000	2.084594e-004
2.691000000000067e+000	2.691000e+000	2.087472e-004
2.690000000000067e+000	2.690000e+000	2.090348e-004
2.689000000000068e+000	2.689000e+000	2.093222e-004
2.688000000000068e+000	2.688000e+000	2.096094e-004
2.687000000000068e+000	2.687000e+000	2.098965e-004
2.686000000000068e+000	2.686000e+000	2.101833e-004
2.685000000000068e+000	2.685000e+000	2.104700e-004
2.684000000000068e+000	2.684000e+000	2.107565e-004
2.683000000000068e+000	2.683000e+000	2.110428e-004
2.682000000000068e+000	2.682000e+000	2.113290e-004
2.681000000000068e+000	2.681000e+000	2.116149e-004
2.680000000000069e+000	2.680000e+000	2.119007e-004
2.679000000000069e+000	2.679000e+000	2.121862e-004
2.678000000000069e+000	2.678000e+000	2.124717e-004
2.677000000000069e+000	2.677000e+000	2.127569e-004
2.676000000000069e+000	2.676000e+000	2.130419e-004
2.675000000000069e+000	2.675000e+000	2.133268e-004
2.674000000000069e+000	2.674000e+000	2.136114e-004
2.673000000000069e+000	2.673000e+000	2.138959e-004
2.672000000000069e+000	2.672000e+000	2.141803e-004
2.671000000000070e+000	2.671000e+000	2.144644e-004
2.670000000000070e+000	2.670000e+000	2.147483e-004
2.669000000000070e+000	2.669000e+000	2.150321e-004
2.668000000000070e+000	2.668000e+000	2.153157e-004
2.667000000000070e+000	2.667000e+000	2.155991e-004
2.666000000000070e+000	2.666000e+000	2.158823e-004
2.665000000000070e+000	2.665000e+000	2.161653e-004
2.664000000000070e+000	2.664000e+000	2.164482e-004
2.663000000000070e+000	2.663000e+000	2.167308e-004
2.662000000000071e+000	2.662000e+000	2.170133e-004
2.661000000000071e+000	2.661000e+000	2.172956e-004
2.660000000000071e+000	2.660000e+000	2.175777e-004
2.659000000000071e+000	2.659000e+000	2.178597e-004
2.658000000000071e+000	2.658000e+000	2.181414e-004
2.657000000000071e+000	2.657000e+000	2.184230e-004
2.656000000000071e+000	2.656000e+000	2.187044e-004
2.655000000000071e+000	2.655000e+000	2.189856e-004
2.654000000000071e+000	2.654000e+000	2.192666e-004
2.653000000000072e+000	2.653000e+000	2.195475e-004
2.652000000000072e+000	2.652000e+000	2.198281e-004
2.651000000000072e+000	2.651000e+000	2.201086e-004
2.650000000000072e+000	2.650000e+000	2.203889e-004
2.649000000000072e+000	2.649000e+000	2.206690e-004
2.648000000000072e+000	2.648000e+000	2.209489e-004
2.647000000000072e+000	2.647000e+000	2.212287e-004
2.646000000000072e+000	2.646000e+000	2.215082e-004
2.645000000000072e+000	2.645000e+000	2.217876e-004
2.644000000000073e+000	2.644000e+000	2.220668e-004
2.643000000000073e+000	2.643000e+000	2.223458e-004
2.642000000000073e+000	2.642000e+000	2.226247e-004
2.641000000000073e+000	2.641000e+000	2.229033e-004
2.640000000000073e+000	2.640000e+000	2.231818e-004
2.639000000000073e+000	2.639000e+000	2.234601e-004
2.638000000000073e+000	2.638000e+000	2.237382e-004
2.637000000000073e+000	2.637000e+000	2.240161e-004
2.636000000000073e+000	2.636000e+000	2.242938e-004
2.635000000000074e+000	2.635000e+000	2.245714e-004
2.634000000000074e+000	2.634000e+000	2.248488e-004
2.633000000000074e+000	2.633000e+000	2.251260e-004
2.632000000000074e+000	2.632000e+000	2.254030e-004
2.631000000000074e+000	2.631000e+000	2.256798e-004
2.630000000000074e+000	2.630000e+000	2.259564e-004
2.629000000000074e+000	2.629000e+000	2.262329e-004
2.628000000000074e+000	2.628000e+000	2.265092e-004
2.627000000000074e+000	2.627000e+000	2.267853e-004
2.626000000000075e+000	2.626000e+000	2.270612e-004
2.625000000000075e+000	2.625000e+000	2.273369e-004
2.624000000000075e+000	2.624000e+000	2.276125e-004
2.623000000000075e+000	2.623000e+000	2.278878e-004
2.622000000000075e+000	2.622000e+000	2.281630e-004
2.621000000000075e+000	2.621000e+000	2.284380e-004
2.620000000000075e+000	2.620000e+000	2.287128e-004
2.619000000000075e+000	2.619000e+000	2.289875e-004
2.618000000000075e+000	2.618000e+000	2.292619e-004
2.617000000000076e+000	2.617000e+000	2.295362e-004
2.616000000000076e+000	2.616000e+000	2.298102e-004
2.615000000000076e+000	2.615000e+000	2.300842e-004
2.614000000000076e+000	2.614000e+000	2.303579e-004
2.613000000000076e+000	2.613000e+000	2.306314e-004
2.612000000000076e+000	2.612000e+000	2.309048e-004
2.611000000000076e+000	2.611000e+000	2.311779e-004
2.610000000000076e+000	2.610000e+000	2.314509e-004
2.609000000000076e+000	2.609000e+000	2.317237e-004
2.608000000000077e+000	2.608000e+000	2.319964e-004
2.607000000000077e+000	2.607000e+000	2.322688e-004
2.606000000000077e+000	2.606000e+000	2.325410e-004
2.605000000000077e+000	2.605000e+000	2.328131e-004
2.604000000000077e+000	2.604000e+000	2.330850e-004
2.603000000000077e+000	2.603000e+000	2.333567e-004
2.602000000000077e+000	2.602000e+000	2.336282e-004
2.601000000000077e+000	2.601000e+000	2.338996e-004
2.600000000000077e+000	2.600000e+000	2.341707e-004
2.599000000000078e+000	2.599000e+000	2.344417e-004
2.598000000000078e+000	2.598000e+000	2.347125e-004
2.597000000000078e+000	2.597000e+000	2.349831e-004
2.596000000000078e+000	2.596000e+000	2.352535e-004
2.595000000000078e+000	2.595000e+000	2.355238e-004
2.594000000000078e+000	2.594000e+000	2.357939e-004
2.593000000000078e+000	2.593000e+000	2.360637e-004
2.592000000000078e+000	2.592000e+000	2.363334e-004
2.591000000000078e+000	2.591000e+000	2.366029e-004
2.590000000000079e+000	2.590000e+000	2.368723e-004
2.589000000000079e+000	2.589000e+000	2.371414e-004
2.588000000000079e+000	2.588000e+000	2.374104e-004
2.587000000000079e+000	2.587000e+000	2.376792e-004
2.586000000000079e+000	2.586000e+000	2.379478e-004
2.585000000000079e+000	2.585000e+000	2.382162e-004
2.584000000000079e+000	2.584000e+000	2.384844e-004
2.583000000000079e+000	2.583000e+000	2.387524e-004
2.582000000000079e+000	2.582000e+000	2.390203e-004
2.581000000000080e+000	2.581000e+000	2.392880e-004
2.580000000000080e+000	2.580000e+000	2.395555e-004
2.579000000000080e+000	2.579000e+000	2.398228e-004
2.578000000000080e+000	2.578000e+000	2.400899e-004
2.577000000000080e+000	2.577000e+000	2.403569e-004
2.576000000000080e+000	2.576000e+000	2.406237e-004
2.575000000000080e+000	2.575000e+000	2.408902e-004
2.574000000000080e+000	2.574000e+000	2.411566e-004
2.573000000000080e+000	2.573000e+000	2.414229e-004
2.572000000000080e+000	2.572000e+000	2.416889e-004
2.571000000000081e+000	2.571000e+000	2.419547e-004
2.570000000000081e+000	2.570000e+000	2.422204e-004
2.569000000000081e+000	2.569000e+000	2.424859e-004
2.568000000000081e+000	2.568000e+000	2.427512e-004
2.567000000000081e+000	2.567000e+000	2.430163e-004
2.566000000000081e+000	2.566000e+000	2.432813e-004
2.565000000000081e+000	2.565000e+000	2.435460e-004
2.564000000000081e+000	2.564000e+000	2.438106e-004
2.563000000000081e+000	2.563000e+000	2.440750e-004
2.562000000000082e+000	2.562000e+000	2.443392e-004
2.561000000000082e+000	2.561000e+000	2.446032e-004
2.560000000000082e+000	2.560000e+000	2.448670e-004
2.559000000000082e+000	2.559000e+000	2.451307e-004
2.558000000000082e+000	2.558000e+000	2.453942e-004
2.557000000000082e+000	2.557000e+000	2.456574e-004
2.556000000000082e+000	2.556000e+000	2.459205e-004
2.555000000000082e+000	2.555000e+000	2.461835e-004
2.554000000000082e+000	2.554000e+000	2.464462e-004
2.553000000000083e+000	2.553000e+000	2.467087e-004
2.552000000000083e+000	2.552000e+000	2.469711e-004
2.551000000000083e+000	2.551000e+000	2.472333e-004
2.550000000000083e+000	2.550000e+000	2.474953e-004
2.549000000000083e+000	2.549000e+000	2.477571e-004
2.548000000000083e+000	2.548000e+000	2.480188e-004
2.547000000000083e+000	2.547000e+000	2.482802e-004
2.546000000000083e+000	2.546000e+000	2.485415e-004
2.545000000000083e+000	2.545000e+000	2.488026e-004
2.544000000000084e+000	2.544000e+000	2.490635e-004
2.543000000000084e+000	2.543000e+000	2.493242e-004
2.542000000000084e+000	2.542000e+000	2.495848e-004
2.541000000000084e+000	2.541000e+000	2.498451e-004
2.540000000000084e+000	2.540000e+000	2.501053e-004
2.539000000000084e+000	2.539000e+000	2.503653e-004
2.538000000000084e+000	2.538000e+000	2.506251e-004
2.537000000000084e+000	2.537000e+000	2.508847e-004
2.536000000000084e+000	2.536000e+000	2.511441e-004
2.535000000000085e+000	2.535000e+000	2.514034e-004
2.534000000000085e+000	2.534000e+000	2.516625e-004
2.533000000000085e+000	2.533000e+000	2.519213e-004
2.532000000000085e+000	2.532000e+000	2.521800e-004
2.531000000000085e+000	2.531000e+000	2.524386e-004
2.530000000000085e+000	2.530000e+000	2.526969e-004
2.529000000000085e+000	2.529000e+000	2.529551e-004
2.528000000000085e+000	2.528000e+000	2.532130e-004
2.527000000000085e+000	2.527000e+000	2.534708e-004
2.526000000000086e+000	2.526000e+000	2.537284e-004
2.525000000000086e+000	2.525000e+000	2.539858e-004
2.524000000000086e+000	2.524000e+000	2.542431e-004
2.523000000000086e+000	2.523000e+000	2.545001e-004
2.522000000000086e+000	2.522000e+000	2.547570e-004
2.521000000000086e+000	2.521000e+000	2.550137e-004
2.520000000000086e+000	2.520000e+000	2.552702e-004
2.519000000000086e+000	2.519000e+000	2.555265e-004
2.518000000000086e+000	2.518000e+000	2.557827e-004
2.517000000000087e+000	2.517000e+000	2.560386e-004
2.516000000000087e+000	2.516000e+000	2.562944e-004
2.515000000000087e+000	2.515000e+000	2.565499e-004
2.514000000000087e+000	2.514000e+000	2.568054e-004
2.513000000000087e+000	2.513000e+000	2.570606e-004
2.512000000000087e+000	2.512000e+000	2.573156e-004
2.511000000000087e+000	2.511000e+000	2.575704e-004
2.510000000000087e+000	2.510000e+000	2.578251e-004
2.509000000000087e+000	2.509000e+000	2.580796e-004
2.508000000000088e+000	2.508000e+000	2.583339e-004
2.507000000000088e+000	2.507000e+000	2.585880e-004
2.506000000000088e+000	2.506000e+000	2.588420e-004
2.505000000000088e+000	2.505000e+000	2.590957e-004
2.504000000000088e+000	2.504000e+000	2.593493e-004
2.503000000000088e+000	2.503000e+000	2.596026e-004
2.502000000000088e+000	2.502000e+000	2.598558e-004
2.501000000000088e+000	2.501000e+000	2.601088e-004
2.500000000000088e+000	2.500000e+000	2.603617e-004
2.499000000000089e+000	2.499000e+000	2.606143e-004
2.498000000000089e+000	2.498000e+000	2.608668e-004
2.497000000000089e+000	2.497000e+000	2.611191e-004
2.496000000000089e+000	2.496000e+000	2.613712e-004
2.495000000000089e+000	2.495000e+000	2.616231e-004
2.494000000000089e+000	2.494000e+000	2.618748e-004
2.493000000000089e+000	2.493000e+000	2.621264e-004
2.492000000000089e+000	2.492000e+000	2.623777e-004
2.491000000000089e+000	2.491000e+000	2.626289e-004
2.490000000000090e+000	2.490000e+000	2.628799e-004
2.489000000000090e+000	2.489000e+000	2.631307e-004
2.488000000000090e+000	2.488000e+000	2.633813e-004
2.487000000000090e+000	2.487000e+000	2.636318e-004
2.486000000000090e+000	2.486000e+000	2.638820e-004
2.485000000000090e+000	2.485000e+000	2.641321e-004
2.484000000000090e+000	2.484000e+000	2.643820e-004
2.483000000000090e+000	2.483000e+000	2.646317e-004
2.482000000000090e+000	2.482000e+000	2.648812e-004
2.481000000000091e+000	2.481000e+000	2.651306e-004
2.480000000000091e+000	2.480000e+000	2.653797e-004
2.479000000000091e+000	2.479000e+000	2.656287e-004
2.478000000000091e+000	2.478000e+000	2.658775e-004
2.477000000000091e+000	2.477000e+000	2.661261e-004
2.476000000000091e+000	2.476000e+000	2.663745e-004
2.475000000000091e+000	2.475000e+000	2.666227e-004
2.474000000000091e+000	2.474000e+000	2.668708e-004
2.473000000000091e+000	2.473000e+000	2.671187e-004
2.472000000000092e+000	2.472000e+000	2.673663e-004
2.471000000000092e+000	2.471000e+000	2.676138e-004
2.470000000000092e+000	2.470000e+000	2.678611e-004
2.469000000000092e+000	2.469000e+000	2.681083e-004
2.468000000000092e+000	2.468000e+000	2.683552e-004
2.467000000000092e+000	2.467000e+000	2.686020e-004
2.466000000000092e+000	2.466000e+000	2.688486e-004
2.465000000000092e+000	2.465000e+000	2.690950e-004
2.464000000000092e+000	2.464000e+000	2.693412e-004
2.463000000000092e+000	2.463000e+000	2.695872e-004
2.462000000000093e+000	2.462000e+000	2.698330e-004
2.461000000000093e+000	2.461000e+000	2.700787e-004
2.460000000000093e+000	2.460000e+000	2.703242e-004
2.459000000000093e+000	2.459000e+000	2.705695e-004
2.458000000000093e+000	2.458000e+000	2.708146e-004
2.457000000000093e+000	2.457000e+000	2.710595e-004
2.456000000000093e+000	2.456000e+000	2.713042e-004
2.455000000000093e+000	2.455000e+000	2.715488e-004
2.454000000000093e+000	2.454000e+000	2.717932e-004
2.453000000000094e+000	2.453000e+000	2.720374e-004
2.452000000000094e+000	2.452000e+000	2.722814e-004
2.451000000000094e+000	2.451000e+000	2.725252e-004
2.450000000000094e+000	2.450000e+000	2.727688e-004
2.449000000000094e+000	2.449000e+000	2.730123e-004
2.448000000000094e+000	2.448000e+000	2.732555e-004
2.447000000000094e+000	2.447000e+000	2.734986e-004
2.446000000000094e+000	2.446000e+000	2.737415e-004
2.445000000000094e+000	2.445000e+000	2.739842e-004
2.444000000000095e+000	2.444000e+000	2.742268e-004
2.443000000000095e+000	2.443000e+000	2.744691e-004
2.442000000000095e+000	2.442000e+000	2.747113e-004
2.441000000000095e+000	2.441000e+000	2.749533e-004
2.440000000000095e+000	2.440000e+000	2.751951e-004
2.439000000000095e+000	2.439000e+000	2.754367e-004
2.438000000000095e+000	2.438000e+000	2.756781e-004
2.437000000000095e+000	2.437000e+000	2.759193e-004
2.436000000000095e+000	2.436000e+000	2.761604e-004
2.435000000000096e+000	2.435000e+000	2.764013e-004
2.434000000000096e+000	2.434000e+000	2.766419e-004
2.433000000000096e+000	2.433000e+000	2.768824e-004
2.432000000000096e+000	2.432000e+000	2.771227e-004
2.431000000000096e+000	2.431000e+000	2.773629e-004
2.430000000000096e+000	2.430000e+000	2.776028e-004
2.429000000000096e+000	2.429000e+000	2.778426e-004
2.428000000000096e+000	2.428000e+000	2.780822e-004
2.427000000000096e+000	2.427000e+000	2.783216e-004
2.426000000000097e+000	2.426000e+000	2.785608e-004
2.425000000000097e+000	2.425000e+000	2.787998e-004
2.424000000000097e+000	2.424000e+000	2.790387e-004
2.423000000000097e+000	2.423000e+000	2.792773e-004
2.422000000000097e+000	2.422000e+000	2.795158e-004
2.421000000000097e+000	2.421000e+000	2.797541e-004
2.420000000000097e+000	2.420000e+000	2.799922e-004
2.419000000000097e+000	2.419000e+000	2.802301e-004
2.418000000000097e+000	2.418000e+000	2.804679e-004
2.417000000000098e+000	2.417000e+000	2.807054e-004
2.416000000000098e+000	2.416000e+000	2.809428e-004
2.415000000000098e+000	2.415000e+000	2.811800e-004
2.414000000000098e+000	2.414000e+000	2.814170e-004
2.413000000000098e+000	2.413000e+000	2.816538e-004
2.412000000000098e+000	2.412000e+000	2.818904e-004
2.411000000000098e+000	2.411000e+000	2.821268e-004
2.410000000000098e+000	2.410000e+000	2.823631e-004
2.409000000000098e+000	2.409000e+000	2.825992e-004
2.408000000000099e+000	2.408000e+000	2.828351e-004
2.407000000000099e+000	2.407000e+000	2.830708e-004
2.406000000000099e+000	2.406000e+000	2.833063e-004
2.405000000000099e+000	2.405000e+000	2.835416e-004
2.404000000000099e+000	2.404000e+000	2.837768e-004
2.403000000000099e+000	2.403000e+000	2.840117e-004
2.402000000000099e+000	2.402000e+000	2.842465e-004
2.401000000000099e+000	2.401000e+000	2.844811e-004
2.400000000000099e+000	2.400000e+000	2.847156e-004
2.399000000000100e+000	2.399000e+000	2.849498e-004
2.398000000000100e+000	2.398000e+000	2.851838e-004
2.397000000000100e+000	2.397000e+000	2.854177e-004
2.396000000000100e+000	2.396000e+000	2.856513e-004
2.395000000000100e+000	2.395000e+000	2.858848e-004
2.394000000000100e+000	2.394000e+000	2.861181e-004
2.393000000000100e+000	2.393000e+000	2.863512e-004
2.392000000000100e+000	2.392000e+000	2.865842e-004
2.391000000000100e+000	2.391000e+000	2.868169e-004
2.390000000000101e+000	2.390000e+000	2.870495e-004
2.389000000000101e+000	2.389000e+000	2.872819e-004
2.388000000000101e+000	2.388000e+000	2.875141e-004
2.387000000000101e+000	2.387000e+000	2.877461e-004
2.386000000000101e+000	2.386000e+000	2.879779e-004
2.385000000000101e+000	2.385000e+000	2.882096e-004
2.384000000000101e+000	2.384000e+000	2.884410e-004
2.383000000000101e+000	2.383000e+000	2.886723e-004
2.382000000000101e+000	2.382000e+000	2.889034e-004
2.381000000000102e+000	2.381000e+000	2.891343e-004
2.380000000000102e+000	2.380000e+000	2.893650e-004
2.379000000000102e+000	2.379000e+000	2.895955e-004
2.378000000000102e+000	2.378000e+000	2.898258e-004
2.377000000000102e+000	2.377000e+000	2.900560e-004
2.376000000000102e+000	2.376000e+000	2.902860e-004
2.375000000000102e+000	2.375000e+000	2.905158e-004
2.374000000000102e+000	2.374000e+000	2.907454e-004
2.373000000000102e+000	2.373000e+000	2.909748e-004
2.372000000000103e+000	2.372000e+000	2.912040e-004
2.371000000000103e+000	2.371000e+000	2.914331e-004
2.370000000000103e+000	2.370000e+000	2.916619e-004
2.369000000000103e+000	2.369000e+000	2.918906e-004
2.368000000000103e+000	2.368000e+000	2.921191e-004
2.367000000000103e+000	2.367000e+000	2.923474e-004
2.366000000000103e+000	2.366000e+000	2.925755e-004
2.365000000000103e+000	2.365000e+000	2.928035e-004
2.364000000000103e+000	2.364000e+000	2.930312e-004
2.363000000000104e+000	2.363000e+000	2.932588e-004
2.362000000000104e+000	2.362000e+000	2.934862e-004
2.361000000000104e+000	2.361000e+000	2.937134e-004
2.360000000000104e+000	2.360000e+000	2.939404e-004
2.359000000000104e+000	2.359000e+000	2.941672e-004
2.358000000000104e+000	2.358000e+000	2.943939e-004
2.357000000000104e+000	2.357000e+000	2.946203e-004
2.356000000000104e+000	2.356000e+000	2.948466e-004
2.355000000000104e+000	2.355000e+000	2.950726e-004
2.354000000000105e+000	2.354000e+000	2.952986e-004
2.353000000000105e+000	2.353000e+000	2.955243e-004
2.352000000000105e+000	2.352000e+000	2.957498e-004
2.351000000000105e+000	2.351000e+000	2.959751e-004
2.350000000000105e+000	2.350000e+000	2.962003e-004
2.349000000000105e+000	2.349000e+000	2.964252e-004
2.348000000000105e+000	2.348000e+000	2.966500e-004
2.347000000000105e+000	2.347000e+000	2.968746e-004
2.346000000000105e+000	2.346000e+000	2.970991e-004
2.345000000000105e+000	2.345000e+000	2.973233e-004
2.344000000000106e+000	2.344000e+000	2.975473e-004
2.343000000000106e+000	2.343000e+000	2.977712e-004
2.342000000000106e+000	2.342000e+000	2.979948e-004
2.341000000000106e+000	2.341000e+000	2.982183e-004
2.340000000000106e+000	2.340000e+000	2.984416e-004
2.339000000000106e+000	2.339000e+000	2.986647e-004
2.338000000000106e+000	2.338000e+000	2.988877e-004
2.337000000000106e+000	2.337000e+000	2.991104e-004
2.336000000000106e+000	2.336000e+000	2.993330e-004
2.335000000000107e+000	2.335000e+000	2.995553e-004
2.334000000000107e+000	2.334000e+000	2.997775e-004
2.333000000000107e+000	2.333000e+000	2.999995e-004
2.332000000000107e+000	2.332000e+000	3.002213e-004
2.331000000000107e+000	2.331000e+000	3.004429e-004
2.330000000000107e+000	2.330000e+000	3.006644e-004
2.329000000000107e+000	2.329000e+000	3.008856e-004
2.328000000000107e+000	2.328000e+000	3.011067e-004
2.327000000000107e+000	2.327000e+000	3.013276e-004
2.326000000000108e+000	2.326000e+000	3.015483e-004
2.325000000000108e+000	2.325000e+000	3.017688e-004
2.324000000000108e+000	2.324000e+000	3.019891e-004
2.323000000000108e+000	2.323000e+000	3.022093e-004
2.322000000000108e+000	2.322000e+000	3.024292e-004
2.321000000000108e+000	2.321000e+000	3.026490e-004
2.320000000000108e+000	2.320000e+000	3.028685e-004
2.319000000000108e+000	2.319000e+000	3.030879e-004
2.318000000000108e+000	2.318000e+000	3.033071e-004
2.317000000000109e+000	2.317000e+000	3.035261e-004
2.316000000000109e+000	2.316000e+000	3.037450e-004
2.315000000000109e+000	2.315000e+000	3.039636e-004
2.314000000000109e+000	2.314000e+000	3.041821e-004
2.313000000000109e+000	2.313000e+000	3.044004e-004
2.312000000000109e+000	2.312000e+000	3.046184e-004
2.311000000000109e+000	2.311000e+000	3.048363e-004
2.310000000000109e+000	2.310000e+000	3.050541e-004
2.309000000000109e+000	2.309000e+000	3.052716e-004
2.308000000000110e+000	2.308000e+000	3.054889e-004
2.307000000000110e+000	2.307000e+000	3.057061e-004
2.306000000000110e+000	2.306000e+000	3.059231e-004
2.305000000000110e+000	2.305000e+000	3.061398e-004
2.304000000000110e+000	2.304000e+000	3.063564e-004
2.303000000000110e+000	2.303000e+000	3.065728e-004
2.302000000000110e+000	2.302000e+000	3.067890e-004
2.301000000000110e+000	2.301000e+000	3.070051e-004
2.300000000000110e+000	2.300000e+000	3.072209e-004
2.299000000000111e+000	2.299000e+000	3.074366e-004
2.298000000000111e+000	2.298000e+000	3.076521e-004
2.297000000000111e+000	2.297000e+000	3.078673e-004
2.296000000000111e+000	2.296000e+000	3.080824e-004
2.295000000000111e+000	2.295000e+000	3.082973e-004
2.294000000000111e+000	2.294000e+000	3.085121e-004
2.293000000000111e+000	2.293000e+000	3.087266e-004
2.292000000000111e+000	2.292000e+000	3.089409e-004
2.291000000000111e+000	2.291000e+000	3.091551e-004
2.290000000000112e+000	2.290000e+000	3.093691e-004
2.289000000000112e+000	2.289000e+000	3.095829e-004
2.288000000000112e+000	2.288000e+000	3.097965e-004
2.287000000000112e+000	2.287000e+000	3.100099e-004
2.286000000000112e+000	2.286000e+000	3.102231e-004
2.285000000000112e+000	2.285000e+000	3.104362e-004
2.284000000000112e+000	2.284000e+000	3.106490e-004
2.283000000000112e+000	2.283000e+000	3.108617e-004
2.282000000000112e+000	2.282000e+000	3.110741e-004
2.281000000000113e+000	2.281000e+000	3.112864e-004
2.280000000000113e+000	2.280000e+000	3.114985e-004
2.279000000000113e+000	2.279000e+000	3.117104e-004
2.278000000000113e+000	2.278000e+000	3.119222e-004
2.277000000000113e+000	2.277000e+000	3.121337e-004
2.276000000000113e+000	2.276000e+000	3.123450e-004
2.275000000000113e+000	2.275000e+000	3.125562e-004
2.274000000000113e+000	2.274000e+000	3.127672e-004
2.273000000000113e+000	2.273000e+000	3.129780e-004
2.272000000000114e+000	2.272000e+000	3.131886e-004
2.271000000000114e+000	2.271000e+000	3.133990e-004
2.270000000000114e+000	2.270000e+000	3.136092e-004
2.269000000000114e+000	2.269000e+000	3.138192e-004
2.268000000000114e+000	2.268000e+000	3.140291e-004
2.267000000000114e+000	2.267000e+000	3.142387e-004
2.266000000000114e+000	2.266000e+000	3.144482e-004
2.265000000000114e+000	2.265000e+000	3.146575e-004
2.264000000000114e+000	2.264000e+000	3.148666e-004
2.263000000000115e+000	2.263000e+000	3.150755e-004
2.262000000000115e+000	2.262000e+000	3.152842e-004
2.261000000000115e+000	2.261000e+000	3.154927e-004
2.260000000000115e+000	2.260000e+000	3.157011e-004
2.259000000000115e+000	2.259000e+000	3.159092e-004
2.258000000000115e+000	2.258000e+000	3.161172e-004
2.257000000000115e+000	2.257000e+000	3.163250e-004
2.256000000000115e+000	2.256000e+000	3.165325e-004
2.255000000000115e+000	2.255000e+000	3.167399e-004
2.254000000000116e+000	2.254000e+000	3.169471e-004
2.253000000000116e+000	2.253000e+000	3.171542e-004
2.252000000000116e+000	2.252000e+000	3.173610e-004
2.251000000000116e+000	2.251000e+000	3.175676e-004
2.250000000000116e+000	2.250000e+000	3.177741e-004
2.249000000000116e+000	2.249000e+000	3.179803e-004
2.248000000000116e+000	2.248000e+000	3.181864e-004
2.247000000000116e+000	2.247000e+000	3.183923e-004
2.246000000000116e+000	2.246000e+000	3.185980e-004
2.245000000000117e+000	2.245000e+000	3.188035e-004
2.244000000000117e+000	2.244000e+000	3.190088e-004
2.243000000000117e+000	2.243000e+000	3.192140e-004
2.242000000000117e+000	2.242000e+000	3.194189e-004
2.241000000000117e+000	2.241000e+000	3.196236e-004
2.240000000000117e+000	2.240000e+000	3.198282e-004
2.239000000000117e+000	2.239000e+000	3.200326e-004
2.238000000000117e+000	2.238000e+000	3.202367e-004
2.237000000000117e+000	2.237000e+000	3.204407e-004
2.236000000000117e+000	2.236000e+000	3.206445e-004
2.235000000000118e+000	2.235000e+000	3.208481e-004
2.234000000000118e+000	2.234000e+000	3.210515e-004
2.233000000000118e+000	2.233000e+000	3.212548e-004
2.232000000000118e+000	2.232000e+000	3.214578e-004
2.231000000000118e+000	2.231000e+000	3.216607e-004
2.230000000000118e+000	2.230000e+000	3.218633e-004
2.229000000000118e+000	2.229000e+000	3.220658e-004
2.228000000000118e+000	2.228000e+000	3.222681e-004
2.227000000000118e+000	2.227000e+000	3.224702e-004
2.226000000000119e+000	2.226000e+000	3.226721e-004
2.225000000000119e+000	2.225000e+000	3.228738e-004
2.224000000000119e+000	2.224000e+000	3.230753e-004
2.223000000000119e+000	2.223000e+000	3.232766e-004
2.222000000000119e+000	2.222000e+000	3.234778e-004
2.221000000000119e+000	2.221000e+000	3.236787e-004
2.220000000000119e+000	2.220000e+000	3.238794e-004
2.219000000000119e+000	2.219000e+000	3.240800e-004
2.218000000000119e+000	2.218000e+000	3.242804e-004
2.217000000000120e+000	2.217000e+000	3.244806e-004
2.216000000000120e+000	2.216000e+000	3.246805e-004
2.215000000000120e+000	2.215000e+000	3.248803e-004
2.214000000000120e+000	2.214000e+000	3.250799e-004
2.213000000000120e+000	2.213000e+000	3.252793e-004
2.212000000000120e+000	2.212000e+000	3.254786e-004
2.211000000000120e+000	2.211000e+000	3.256776e-004
2.210000000000120e+000	2.210000e+000	3.258764e-004
2.209000000000120e+000	2.209000e+000	3.260751e-004
2.208000000000121e+000	2.208000e+000	3.262736e-004
2.207000000000121e+000	2.207000e+000	3.264718e-004
2.206000000000121e+000	2.206000e+000	3.266699e-004
2.205000000000121e+000	2.205000e+000	3.268678e-004
2.204000000000121e+000	2.204000e+000	3.270654e-004
2.203000000000121e+000	2.203000e+000	3.272629e-004
2.202000000000121e+000	2.202000e+000	3.274602e-004
2.201000000000121e+000	2.201000e+000	3.276574e-004
2.200000000000121e+000	2.200000e+000	3.278543e-004
2.199000000000122e+000	2.199000e+000	3.280510e-004
2.198000000000122e+000	2.198000e+000	3.282475e-004
2.197000000000122e+000	2.197000e+000	3.284439e-004
2.196000000000122e+000	2.196000e+000	3.286400e-004
2.195000000000122e+000	2.195000e+000	3.288359e-004
2.194000000000122e+000	2.194000e+000	3.290317e-004
2.193000000000122e+000	2.193000e+000	3.292273e-004
2.192000000000122e+000	2.192000e+000	3.294226e-004
2.191000000000122e+000	2.191000e+000	3.296178e-004
2.190000000000123e+000	2.190000e+000	3.298128e-004
2.189000000000123e+000	2.189000e+000	3.300076e-004
2.188000000000123e+000	2.188000e+000	3.302022e-004
2.187000000000123e+000	2.187000e+000	3.303966e-004
2.186000000000123e+000	2.186000e+000	3.305908e-004
2.185000000000123e+000	2.185000e+000	3.307848e-004
2.184000000000123e+000	2.184000e+000	3.309786e-004
2.183000000000123e+000	2.183000e+000	3.311723e-004
2.182000000000123e+000	2.182000e+000	3.313657e-004
2.181000000000124e+000	2.181000e+000	3.315589e-004
2.180000000000124e+000	2.180000e+000	3.317520e-004
2.179000000000124e+000	2.179000e+000	3.319448e-004
2.178000000000124e+000	2.178000e+000	3.321375e-004
2.177000000000124e+000	2.177000e+000	3.323299e-004
2.176000000000124e+000	2.176000e+000	3.325222e-004
2.175000000000124e+000	2.175000e+000	3.327143e-004
2.174000000000124e+000	2.174000e+000	3.329061e-004
2.173000000000124e+000	2.173000e+000	3.330978e-004
2.172000000000125e+000	2.172000e+000	3.332893e-004
2.171000000000125e+000	2.171000e+000	3.334806e-004
2.170000000000125e+000	2.170000e+000	3.336717e-004
2.169000000000125e+000	2.169000e+000	3.338626e-004
2.168000000000125e+000	2.168000e+000	3.340532e-004
2.167000000000125e+000	2.167000e+000	3.342438e-004
2.166000000000125e+000	2.166000e+000	3.344341e-004
2.165000000000125e+000	2.165000e+000	3.346242e-004
2.164000000000125e+000	2.164000e+000	3.348141e-004
2.163000000000126e+000	2.163000e+000	3.350038e-004
2.162000000000126e+000	2.162000e+000	3.351933e-004
2.161000000000126e+000	2.161000e+000	3.353826e-004
2.160000000000126e+000	2.160000e+000	3.355718e-004
2.159000000000126e+000	2.159000e+000	3.357607e-004
2.158000000000126e+000	2.158000e+000	3.359494e-004
2.157000000000126e+000	2.157000e+000	3.361379e-004
2.156000000000126e+000	2.156000e+000	3.363263e-004
2.155000000000126e+000	2.155000e+000	3.365144e-004
2.154000000000127e+000	2.154000e+000	3.367023e-004
2.153000000000127e+000	2.153000e+000	3.368901e-004
2.152000000000127e+000	2.152000e+000	3.370776e-004
2.151000000000127e+000	2.151000e+000	3.372650e-004
2.150000000000127e+000	2.150000e+000	3.374521e-004
2.149000000000127e+000	2.149000e+000	3.376391e-004
2.148000000000127e+000	2.148000e+000	3.378258e-004
2.147000000000127e+000	2.147000e+000	3.380124e-004
2.146000000000127e+000	2.146000e+000	3.381987e-004
2.145000000000128e+000	2.145000e+000	3.383849e-004
2.144000000000128e+000	2.144000e+000	3.385708e-004
2.143000000000128e+000	2.143000e+000	3.387565e-004
2.142000000000128e+000	2.142000e+000	3.389421e-004
2.141000000000128e+000	2.141000e+000	3.391274e-004
2.140000000000128e+000	2.140000e+000	3.393126e-004
2.139000000000128e+000	2.139000e+000	3.394976e-004
2.138000000000128e+000	2.138000e+000	3.396823e-004
2.137000000000128e+000	2.137000e+000	3.398668e-004
2.136000000000129e+000	2.136000e+000	3.400512e-004
2.135000000000129e+000	2.135000e+000	3.402353e-004
2.134000000000129e+000	2.134000e+000	3.404193e-004
2.133000000000129e+000	2.133000e+000	3.406030e-004
2.132000000000129e+000	2.132000e+000	3.407866e-004
2.131000000000129e+000	2.131000e+000	3.409699e-004
2.130000000000129e+000	2.130000e+000	3.411531e-004
2.129000000000129e+000	2.129000e+000	3.413360e-004
2.128000000000129e+000	2.128000e+000	3.415187e-004
2.127000000000130e+000	2.127000e+000	3.417013e-004
2.126000000000130e+000	2.126000e+000	3.418836e-004
2.125000000000130e+000	2.125000e+000	3.420657e-004
2.124000000000130e+000	2.124000e+000	3.422477e-004
2.123000000000130e+000	2.123000e+000	3.424294e-004
2.122000000000130e+000	2.122000e+000	3.426109e-004
2.121000000000130e+000	2.121000e+000	3.427922e-004
2.120000000000130e+000	2.120000e+000	3.429733e-004
2.119000000000130e+000	2.119000e+000	3.431542e-004
2.118000000000130e+000	2.118000e+000	3.433349e-004
2.117000000000131e+000	2.117000e+000	3.435155e-004
2.116000000000131e+000	2.116000e+000	3.436957e-004
2.115000000000131e+000	2.115000e+000	3.438758e-004
2.114000000000131e+000	2.114000e+000	3.440557e-004
2.113000000000131e+000	2.113000e+000	3.442354e-004
2.112000000000131e+000	2.112000e+000	3.444149e-004
2.111000000000131e+000	2.111000e+000	3.445942e-004
2.110000000000131e+000	2.110000e+000	3.447733e-004
2.109000000000131e+000	2.109000e+000	3.449521e-004
2.108000000000132e+000	2.108000e+000	3.451308e-004
2.107000000000132e+000	2.107000e+000	3.453092e-004
2.106000000000132e+000	2.106000e+000	3.454875e-004
2.105000000000132e+000	2.105000e+000	3.456655e-004
2.104000000000132e+000	2.104000e+000	3.458433e-004
2.103000000000132e+000	2.103000e+000	3.460210e-004
2.102000000000132e+000	2.102000e+000	3.461984e-004
2.101000000000132e+000	2.101000e+000	3.463756e-004
2.100000000000132e+000	2.100000e+000	3.465526e-004
2.099000000000133e+000	2.099000e+000	3.467294e-004
2.098000000000133e+000	2.098000e+000	3.469060e-004
2.097000000000133e+000	2.097000e+000	3.470824e-004
2.096000000000133e+000	2.096000e+000	3.472586e-004
2.095000000000133e+000	2.095000e+000	3.474346e-004
2.094000000000133e+000	2.094000e+000	3.476103e-004
2.093000000000133e+000	2.093000e+000	3.477859e-004
2.092000000000133e+000	2.092000e+000	3.479612e-004
2.091000000000133e+000	2.091000e+000	3.481364e-004
2.090000000000134e+000	2.090000e+000	3.483113e-004
2.089000000000134e+000	2.089000e+000	3.484860e-004
2.088000000000134e+000	2.088000e+000	3.486605e-004
2.087000000000134e+000	2.087000e+000	3.488348e-004
2.086000000000134e+000	2.086000e+000	3.490089e-004
2.085000000000134e+000	2.085000e+000	3.491828e-004
2.084000000000134e+000	2.084000e+000	3.493565e-004
2.083000000000134e+000	2.083000e+000	3.495300e-004
2.082000000000134e+000	2.082000e+000	3.497032e-004
2.081000000000135e+000	2.081000e+000	3.498762e-004
2.080000000000135e+000	2.080000e+000	3.500491e-004
2.079000000000135e+000	2.079000e+000	3.502217e-004
2.078000000000135e+000	2.078000e+000	3.503941e-004
2.077000000000135e+000	2.077000e+000	3.505663e-004
2.076000000000135e+000	2.076000e+000	3.507383e-004
2.075000000000135e+000	2.075000e+000	3.509101e-004
2.074000000000135e+000	2.074000e+000	3.510816e-004
2.073000000000135e+000	2.073000e+000	3.512530e-004
2.072000000000136e+000	2.072000e+000	3.514241e-004
2.071000000000136e+000	2.071000e+000	3.515950e-004
2.070000000000136e+000	2.070000e+000	3.517657e-004
2.069000000000136e+000	2.069000e+000	3.519362e-004
2.068000000000136e+000	2.068000e+000	3.521065e-004
2.067000000000136e+000	2.067000e+000	3.522766e-004
2.066000000000136e+000	2.066000e+000	3.524465e-004
2.065000000000136e+000	2.065000e+000	3.526161e-004
2.064000000000136e+000	2.064000e+000	3.527855e-004
2.063000000000137e+000	2.063000e+000	3.529548e-004
2.062000000000137e+000	2.062000e+000	3.531238e-004
2.061000000000137e+000	2.061000e+000	3.532926e-004
2.060000000000137e+000	2.060000e+000	3.534611e-004
2.059000000000137e+000	2.059000e+000	3.536295e-004
2.058000000000137e+000	2.058000e+000	3.537976e-004
2.057000000000137e+000	2.057000e+000	3.539656e-004
2.056000000000137e+000	2.056000e+000	3.541333e-004
2.055000000000137e+000	2.055000e+000	3.543008e-004
2.054000000000138e+000	2.054000e+000	3.544681e-004
2.053000000000138e+000	2.053000e+000	3.546352e-004
2.052000000000138e+000	2.052000e+000	3.548020e-004
2.051000000000138e+000	2.051000e+000	3.549687e-004
2.050000000000138e+000	2.050000e+000	3.551351e-004
2.049000000000138e+000	2.049000e+000	3.553013e-004
2.048000000000138e+000	2.048000e+000	3.554673e-004
2.047000000000138e+000	2.047000e+000	3.556330e-004
2.046000000000138e+000	2.046000e+000	3.557986e-004
2.045000000000139e+000	2.045000e+000	3.559639e-004
2.044000000000139e+000	2.044000e+000	3.561291e-004
2.043000000000139e+000	2.043000e+000	3.562940e-004
2.042000000000139e+000	2.042000e+000	3.564587e-004
2.041000000000139e+000	2.041000e+000	3.566231e-004
2.040000000000139e+000	2.040000e+000	3.567874e-004
2.039000000000139e+000	2.039000e+000	3.569514e-004
2.038000000000139e+000	2.038000e+000	3.571152e-004
2.037000000000139e+000	2.037000e+000	3.572788e-004
2.036000000000140e+000	2.036000e+000	3.574422e-004
2.035000000000140e+000	2.035000e+000	3.576054e-004
2.034000000000140e+000	2.034000e+000	3.577683e-004
2.033000000000140e+000	2.033000e+000	3.579311e-004
2.032000000000140e+000	2.032000e+000	3.580936e-004
2.031000000000140e+000	2.031000e+000	3.582559e-004
2.030000000000140e+000	2.030000e+000	3.584179e-004
2.029000000000140e+000	2.029000e+000	3.585798e-004
2.028000000000140e+000	2.028000e+000	3.587414e-004
2.027000000000141e+000	2.027000e+000	3.589028e-004
2.026000000000141e+000	2.026000e+000	3.590640e-004
2.025000000000141e+000	2.025000e+000	3.592250e-004
2.024000000000141e+000	2.024000e+000	3.593858e-004
2.023000000000141e+000	2.023000e+000	3.595463e-004
2.022000000000141e+000	2.022000e+000	3.597066e-004
2.021000000000141e+000	2.021000e+000	3.598667e-004
2.020000000000141e+000	2.020000e+000	3.600266e-004
2.019000000000141e+000	2.019000e+000	3.601862e-004
2.018000000000142e+000	2.018000e+000	3.603457e-004
2.017000000000142e+000	2.017000e+000	3.605049e-004
2.016000000000142e+000	2.016000e+000	3.606639e-004
2.015000000000142e+000	2.015000e+000	3.608227e-004
2.014000000000142e+000	2.014000e+000	3.609812e-004
2.013000000000142e+000	2.013000e+000	3.611396e-004
2.012000000000142e+000	2.012000e+000	3.612977e-004
2.011000000000142e+000	2.011000e+000	3.614556e-004
2.010000000000142e+000	2.010000e+000	3.616133e-004
2.009000000000142e+000	2.009000e+000	3.617707e-004
2.008000000000143e+000	2.008000e+000	3.619279e-004
2.007000000000143e+000	2.007000e+000	3.620849e-004
2.006000000000143e+000	2.006000e+000	3.622417e-004
2.005000000000143e+000	2.005000e+000	3.623983e-004
2.004000000000143e+000	2.004000e+000	3.625547e-004
2.003000000000143e+000	2.003000e+000	3.627108e-004
2.002000000000143e+000	2.002000e+000	3.628667e-004
2.001000000000143e+000	2.001000e+000	3.630224e-004
2.000000000000143e+000	2.000000e+000	3.631779e-004
1.999000000000144e+000	1.999000e+000	3.633331e-004
1.998000000000144e+000	1.998000e+000	3.634881e-004
1.997000000000144e+000	1.997000e+000	3.636429e-004
1.996000000000144e+000	1.996000e+000	3.637975e-004
1.995000000000144e+000	1.995000e+000	3.639518e-004
1.994000000000144e+000	1.994000e+000	3.641060e-004
1.993000000000144e+000	1.993000e+000	3.642599e-004
1.992000000000144e+000	1.992000e+000	3.644136e-004
1.991000000000144e+000	1.991000e+000	3.645671e-004
1.990000000000145e+000	1.990000e+000	3.647203e-004
1.989000000000145e+000	1.989000e+000	3.648734e-004
1.988000000000145e+000	1.988000e+000	3.650261e-004
1.987000000000145e+000	1.987000e+000	3.651787e-004
1.986000000000145e+000	1.986000e+000	3.653311e-004
1.985000000000145e+000	1.985000e+000	3.654833e-004
1.984000000000145e+000	1.984000e+000	3.656352e-004
1.983000000000145e+000	1.983000e+000	3.657869e-004
1.982000000000145e+000	1.982000e+000	3.659384e-004
1.981000000000146e+000	1.981000e+000	3.660896e-004
1.980000000000146e+000	1.980000e+000	3.662407e-004
1.979000000000146e+000	1.979000e+000	3.663915e-004
1.978000000000146e+000	1.978000e+000	3.665421e-004
1.977000000000146e+000	1.977000e+000	3.666925e-004
1.976000000000146e+000	1.976000e+000	3.668426e-004
1.975000000000146e+000	1.975000e+000	3.669925e-004
1.974000000000146e+000	1.974000e+000	3.671423e-004
1.973000000000146e+000	1.973000e+000	3.672918e-004
1.972000000000147e+000	1.972000e+000	3.674410e-004
1.971000000000147e+000	1.971000e+000	3.675901e-004
1.970000000000147e+000	1.970000e+000	3.677389e-004
1.969000000000147e+000	1.969000e+000	3.678875e-004
1.968000000000147e+000	1.968000e+000	3.680359e-004
1.967000000000147e+000	1.967000e+000	3.681841e-004
1.966000000000147e+000	1.966000e+000	3.683321e-004
1.965000000000147e+000	1.965000e+000	3.684798e-004
1.964000000000147e+000	1.964000e+000	3.686273e-004
1.963000000000148e+000	1.963000e+000	3.687746e-004
1.962000000000148e+000	1.962000e+000	3.689216e-004
1.961000000000148e+000	1.961000e+000	3.690685e-004
1.960000000000148e+000	1.960000e+000	3.692151e-004
1.959000000000148e+000	1.959000e+000	3.693615e-004
1.958000000000148e+000	1.958000e+000	3.695077e-004
1.957000000000148e+000	1.957000e+000	3.696537e-004
1.956000000000148e+000	1.956000e+000	3.697995e-004
1.955000000000148e+000	1.955000e+000	3.699450e-004
1.954000000000149e+000	1.954000e+000	3.700903e-004
1.953000000000149e+000	1.953000e+000	3.702354e-004
1.952000000000149e+000	1.952000e+000	3.703803e-004
1.951000000000149e+000	1.951000e+000	3.705249e-004
1.950000000000149e+000	1.950000e+000	3.706694e-004
1.949000000000149e+000	1.949000e+000	3.708136e-004
1.948000000000149e+000	1.948000e+000	3.709576e-004
1.947000000000149e+000	1.947000e+000	3.711014e-004
1.946000000000149e+000	1.946000e+000	3.712450e-004
1.945000000000150e+000	1.945000e+000	3.713883e-004
1.944000000000150e+000	1.944000e+000	3.715315e-004
1.943000000000150e+000	1.943000e+000	3.716744e-004
1.942000000000150e+000	1.942000e+000	3.718171e-004
1.941000000000150e+000	1.941000e+000	3.719596e-004
1.940000000000150e+000	1.940000e+000	3.721018e-004
1.939000000000150e+000	1.939000e+000	3.722439e-004
1.938000000000150e+000	1.938000e+000	3.723857e-004
1.937000000000150e+000	1.937000e+000	3.725273e-004
1.936000000000151e+000	1.936000e+000	3.726688e-004
1.935000000000151e+000	1.935000e+000	3.728099e-004
1.934000000000151e+000	1.934000e+000	3.729509e-004
1.933000000000151e+000	1.933000e+000	3.730917e-004
1.932000000000151e+000	1.932000e+000	3.732322e-004
1.931000000000151e+000	1.931000e+000	3.733725e-004
1.930000000000151e+000	1.930000e+000	3.735127e-004
1.929000000000151e+000	1.929000e+000	3.736525e-004
1.928000000000151e+000	1.928000e+000	3.737922e-004
1.927000000000152e+000	1.927000e+000	3.739317e-004
1.926000000000152e+000	1.926000e+000	3.740710e-004
1.925000000000152e+000	1.925000e+000	3.742100e-004
1.924000000000152e+000	1.924000e+000	3.743488e-004
1.923000000000152e+000	1.923000e+000	3.744874e-004
1.922000000000152e+000	1.922000e+000	3.746258e-004
1.921000000000152e+000	1.921000e+000	3.747640e-004
1.920000000000152e+000	1.920000e+000	3.749020e-004
1.919000000000152e+000	1.919000e+000	3.750397e-004
1.918000000000153e+000	1.918000e+000	3.751773e-004
1.917000000000153e+000	1.917000e+000	3.753146e-004
1.916000000000153e+000	1.916000e+000	3.754518e-004
1.915000000000153e+000	1.915000e+000	3.755887e-004
1.914000000000153e+000	1.914000e+000	3.757254e-004
1.913000000000153e+000	1.913000e+000	3.758619e-004
1.912000000000153e+000	1.912000e+000	3.759981e-004
1.911000000000153e+000	1.911000e+000	3.761342e-004
1.910000000000153e+000	1.910000e+000	3.762701e-004
1.909000000000154e+000	1.909000e+000	3.764057e-004
1.908000000000154e+000	1.908000e+000	3.765412e-004
1.907000000000154e+000	1.907000e+000	3.766764e-004
1.906000000000154e+000	1.906000e+000	3.768114e-004
1.905000000000154e+000	1.905000e+000	3.769462e-004
1.904000000000154e+000	1.904000e+000	3.770808e-004
1.903000000000154e+000	1.903000e+000	3.772152e-004
1.902000000000154e+000	1.902000e+000	3.773494e-004
1.901000000000154e+000	1.901000e+000	3.774834e-004
1.900000000000155e+000	1.900000e+000	3.776172e-004
1.899000000000155e+000	1.899000e+000	3.777507e-004
1.898000000000155e+000	1.898000e+000	3.778841e-004
1.897000000000155e+000	1.897000e+000	3.780173e-004
1.896000000000155e+000	1.896000e+000	3.781502e-004
1.895000000000155e+000	1.895000e+000	3.782829e-004
1.894000000000155e+000	1.894000e+000	3.784155e-004
1.893000000000155e+000	1.893000e+000	3.785478e-004
1.892000000000155e+000	1.892000e+000	3.786799e-004
1.891000000000155e+000	1.891000e+000	3.788118e-004
1.890000000000156e+000	1.890000e+000	3.789435e-004
1.889000000000156e+000	1.889000e+000	3.790750e-004
1.888000000000156e+000	1.888000e+000	3.792064e-004
1.887000000000156e+000	1.887000e+000	3.793375e-004
1.886000000000156e+000	1.886000e+000	3.794683e-004
1.885000000000156e+000	1.885000e+000	3.795990e-004
1.884000000000156e+000	1.884000e+000	3.797295e-004
1.883000000000156e+000	1.883000e+000	3.798598e-004
1.882000000000156e+000	1.882000e+000	3.799899e-004
1.881000000000157e+000	1.881000e+000	3.801198e-004
1.880000000000157e+000	1.880000e+000	3.802495e-004
1.879000000000157e+000	1.879000e+000	3.803789e-004
1.878000000000157e+000	1.878000e+000	3.805082e-004
1.877000000000157e+000	1.877000e+000	3.806373e-004
1.876000000000157e+000	1.876000e+000	3.807662e-004
1.875000000000157e+000	1.875000e+000	3.808949e-004
1.874000000000157e+000	1.874000e+000	3.810233e-004
1.873000000000157e+000	1.873000e+000	3.811516e-004
1.872000000000158e+000	1.872000e+000	3.812797e-004
1.871000000000158e+000	1.871000e+000	3.814076e-004
1.870000000000158e+000	1.870000e+000	3.815353e-004
1.869000000000158e+000	1.869000e+000	3.816627e-004
1.868000000000158e+000	1.868000e+000	3.817900e-004
1.867000000000158e+000	1.867000e+000	3.819171e-004
1.866000000000158e+000	1.866000e+000	3.820440e-004
1.865000000000158e+000	1.865000e+000	3.821707e-004
1.864000000000158e+000	1.864000e+000	3.822972e-004
1.863000000000159e+000	1.863000e+000	3.824235e-004
1.862000000000159e+000	1.862000e+000	3.825496e-004
1.861000000000159e+000	1.861000e+000	3.826755e-004
1.860000000000159e+000	1.860000e+000	3.828012e-004
1.859000000000159e+000	1.859000e+000	3.829268e-004
1.858000000000159e+000	1.858000e+000	3.830521e-004
1.857000000000159e+000	1.857000e+000	3.831772e-004
1.856000000000159e+000	1.856000e+000	3.833021e-004
1.855000000000159e+000	1.855000e+000	3.834269e-004
1.854000000000160e+000	1.854000e+000	3.835514e-004
1.853000000000160e+000	1.853000e+000	3.836758e-004
1.852000000000160e+000	1.852000e+000	3.838000e-004
1.851000000000160e+000	1.851000e+000	3.839239e-004
1.850000000000160e+000	1.850000e+000	3.840477e-004
1.849000000000160e+000	1.849000e+000	3.841713e-004
1.848000000000160e+000	1.848000e+000	3.842947e-004
1.847000000000160e+000	1.847000e+000	3.844179e-004
1.846000000000160e+000	1.846000e+000	3.845409e-004
1.845000000000161e+000	1.845000e+000	3.846637e-004
1.844000000000161e+000	1.844000e+000	3.847864e-004
1.843000000000161e+000	1.843000e+000	3.849088e-004
1.842000000000161e+000	1.842000e+000	3.850311e-004
1.841000000000161e+000	1.841000e+000	3.851531e-004
1.840000000000161e+000	1.840000e+000	3.852750e-004
1.839000000000161e+000	1.839000e+000	3.853967e-004
1.838000000000161e+000	1.838000e+000	3.855182e-004
1.837000000000161e+000	1.837000e+000	3.856395e-004
1.836000000000162e+000	1.836000e+000	3.857607e-004
1.835000000000162e+000	1.835000e+000	3.858816e-004
1.834000000000162e+000	1.834000e+000	3.860024e-004
1.833000000000162e+000	1.833000e+000	3.861229e-004
1.832000000000162e+000	1.832000e+000	3.862433e-004
1.831000000000162e+000	1.831000e+000	3.863635e-004
1.830000000000162e+000	1.830000e+000	3.864835e-004
1.829000000000162e+000	1.829000e+000	3.866034e-004
1.828000000000162e+000	1.828000e+000	3.867230e-004
1.827000000000163e+000	1.827000e+000	3.868425e-004
1.826000000000163e+000	1.826000e+000	3.869617e-004
1.825000000000163e+000	1.825000e+000	3.870808e-004
1.824000000000163e+000	1.824000e+000	3.871997e-004
1.823000000000163e+000	1.823000e+000	3.873185e-004
1.822000000000163e+000	1.822000e+000	3.874370e-004
1.821000000000163e+000	1.821000e+000	3.875554e-004
1.820000000000163e+000	1.820000e+000	3.876736e-004
1.819000000000163e+000	1.819000e+000	3.877916e-004
1.818000000000164e+000	1.818000e+000	3.879094e-004
1.817000000000164e+000	1.817000e+000	3.880271e-004
1.816000000000164e+000	1.816000e+000	3.881445e-004
1.815000000000164e+000	1.815000e+000	3.882618e-004
1.814000000000164e+000	1.814000e+000	3.883789e-004
1.813000000000164e+000	1.813000e+000	3.884958e-004
1.812000000000164e+000	1.812000e+000	3.886126e-004
1.811000000000164e+000	1.811000e+000	3.887291e-004
1.810000000000164e+000	1.810000e+000	3.888455e-004
1.809000000000165e+000	1.809000e+000	3.889617e-004
1.808000000000165e+000	1.808000e+000	3.890778e-004
1.807000000000165e+000	1.807000e+000	3.891936e-004
1.806000000000165e+000	1.806000e+000	3.893093e-004
1.805000000000165e+000	1.805000e+000	3.894248e-004
1.804000000000165e+000	1.804000e+000	3.895401e-004
1.803000000000165e+000	1.803000e+000	3.896553e-004
1.802000000000165e+000	1.802000e+000	3.897703e-004
1.801000000000165e+000	1.801000e+000	3.898851e-004
1.800000000000166e+000	1.800000e+000	3.899997e-004
1.799000000000166e+000	1.799000e+000	3.901141e-004
1.798000000000166e+000	1.798000e+000	3.902284e-004
1.797000000000166e+000	1.797000e+000	3.903426e-004
1.796000000000166e+000	1.796000e+000	3.904565e-004
1.795000000000166e+000	1.795000e+000	3.905702e-004
1.794000000000166e+000	1.794000e+000	3.906838e-004
1.793000000000166e+000	1.793000e+000	3.907972e-004
1.792000000000166e+000	1.792000e+000	3.909105e-004
1.791000000000167e+000	1.791000e+000	3.910236e-004
1.790000000000167e+000	1.790000e+000	3.911365e-004
1.789000000000167e+000	1.789000e+000	3.912492e-004
1.788000000000167e+000	1.788000e+000	3.913618e-004
1.787000000000167e+000	1.787000e+000	3.914742e-004
1.786000000000167e+000	1.786000e+000	3.915864e-004
1.785000000000167e+000	1.785000e+000	3.916984e-004
1.784000000000167e+000	1.784000e+000	3.918103e-004
1.783000000000167e+000	1.783000e+000	3.919220e-004
1.782000000000168e+000	1.782000e+000	3.920336e-004
1.781000000000168e+000	1.781000e+000	3.921450e-004
1.780000000000168e+000	1.780000e+000	3.922562e-004
1.779000000000168e+000	1.779000e+000	3.923672e-004
1.778000000000168e+000	1.778000e+000	3.924781e-004
1.777000000000168e+000	1.777000e+000	3.925888e-004
1.776000000000168e+000	1.776000e+000	3.926994e-004
1.775000000000168e+000	1.775000e+000	3.928097e-004
1.774000000000168e+000	1.774000e+000	3.929200e-004
1.773000000000168e+000	1.773000e+000	3.930300e-004
1.772000000000169e+000	1.772000e+000	3.931399e-004
1.771000000000169e+000	1.771000e+000	3.932496e-004
1.770000000000169e+000	1.770000e+000	3.933592e-004
1.769000000000169e+000	1.769000e+000	3.934686e-004
1.768000000000169e+000	1.768000e+000	3.935778e-004
1.767000000000169e+000	1.767000e+000	3.936869e-004
1.766000000000169e+000	1.766000e+000	3.937958e-004
1.765000000000169e+000	1.765000e+000	3.939045e-004
1.764000000000169e+000	1.764000e+000	3.940131e-004
1.763000000000170e+000	1.763000e+000	3.941215e-004
1.762000000000170e+000	1.762000e+000	3.942298e-004
1.761000000000170e+000	1.761000e+000	3.943379e-004
1.760000000000170e+000	1.760000e+000	3.944458e-004
1.759000000000170e+000	1.759000e+000	3.945536e-004
1.758000000000170e+000	1.758000e+000	3.946612e-004
1.757000000000170e+000	1.757000e+000	3.947687e-004
1.756000000000170e+000	1.756000e+000	3.948760e-004
1.755000000000170e+000	1.755000e+000	3.949831e-004
1.754000000000171e+000	1.754000e+000	3.950901e-004
1.753000000000171e+000	1.753000e+000	3.951970e-004
1.752000000000171e+000	1.752000e+000	3.953036e-004
1.751000000000171e+000	1.751000e+000	3.954101e-004
1.750000000000171e+000	1.750000e+000	3.955165e-004
1.749000000000171e+000	1.749000e+000	3.956227e-004
1.748000000000171e+000	1.748000e+000	3.957287e-004
1.747000000000171e+000	1.747000e+000	3.958346e-004
1.746000000000171e+000	1.746000e+000	3.959403e-004
1.745000000000172e+000	1.745000e+000	3.960459e-004
1.744000000000172e+000	1.744000e+000	3.961513e-004
1.743000000000172e+000	1.743000e+000	3.962566e-004
1.742000000000172e+000	1.742000e+000	3.963617e-004
1.741000000000172e+000	1.741000e+000	3.964666e-004
1.740000000000172e+000	1.740000e+000	3.965714e-004
1.739000000000172e+000	1.739000e+000	3.966761e-004
1.738000000000172e+000	1.738000e+000	3.967806e-004
1.737000000000172e+000	1.737000e+000	3.968849e-004
1.736000000000173e+000	1.736000e+000	3.969891e-004
1.735000000000173e+000	1.735000e+000	3.970931e-004
1.734000000000173e+000	1.734000e+000	3.971970e-004
1.733000000000173e+000	1.733000e+000	3.973007e-004
1.732000000000173e+000	1.732000e+000	3.974043e-004
1.731000000000173e+000	1.731000e+000	3.975077e-004
1.730000000000173e+000	1.730000e+000	3.976110e-004
1.729000000000173e+000	1.729000e+000	3.977141e-004
1.728000000000173e+000	1.728000e+000	3.978171e-004
1.727000000000174e+000	1.727000e+000	3.979199e-004
1.726000000000174e+000	1.726000e+000	3.980226e-004
1.725000000000174e+000	1.725000e+000	3.981252e-004
1.724000000000174e+000	1.724000e+000	3.982275e-004
1.723000000000174e+000	1.723000e+000	3.983298e-004
1.722000000000174e+000	1.722000e+000	3.984318e-004
1.721000000000174e+000	1.721000e+000	3.985338e-004
1.720000000000174e+000	1.720000e+000	3.986356e-004
1.719000000000174e+000	1.719000e+000	3.987372e-004
1.718000000000175e+000	1.718000e+000	3.988387e-004
1.717000000000175e+000	1.717000e+000	3.989401e-004
1.716000000000175e+000	1.716000e+000	3.990413e-004
1.715000000000175e+000	1.715000e+000	3.991423e-004
1.714000000000175e+000	1.714000e+000	3.992432e-004
1.713000000000175e+000	1.713000e+000	3.993440e-004
1.712000000000175e+000	1.712000e+000	3.994446e-004
1.711000000000175e+000	1.711000e+000	3.995451e-004
1.710000000000175e+000	1.710000e+000	3.996454e-004
1.709000000000176e+000	1.709000e+000	3.997456e-004
1.708000000000176e+000	1.708000e+000	3.998457e-004
1.707000000000176e+000	1.707000e+000	3.999456e-004
1.706000000000176e+000	1.706000e+000	4.000453e-004
1.705000000000176e+000	1.705000e+000	4.001450e-004
1.704000000000176e+000	1.704000e+000	4.002444e-004
1.703000000000176e+000	1.703000e+000	4.003438e-004
1.702000000000176e+000	1.702000e+000	4.004430e-004
1.701000000000176e+000	1.701000e+000	4.005420e-004
1.700000000000177e+000	1.700000e+000	4.006409e-004
1.699000000000177e+000	1.699000e+000	4.007397e-004
1.698000000000177e+000	1.698000e+000	4.008383e-004
1.697000000000177e+000	1.697000e+000	4.009368e-004
1.696000000000177e+000	1.696000e+000	4.010351e-004
1.695000000000177e+000	1.695000e+000	4.011333e-004
1.694000000000177e+000	1.694000e+000	4.012314e-004
1.693000000000177e+000	1.693000e+000	4.013293e-004
1.692000000000177e+000	1.692000e+000	4.014271e-004
1.691000000000178e+000	1.691000e+000	4.015248e-004
1.690000000000178e+000	1.690000e+000	4.016223e-004
1.689000000000178e+000	1.689000e+000	4.017196e-004
1.688000000000178e+000	1.688000e+000	4.018169e-004
1.687000000000178e+000	1.687000e+000	4.019140e-004
1.686000000000178e+000	1.686000e+000	4.020109e-004
1.685000000000178e+000	1.685000e+000	4.021078e-004
1.684000000000178e+000	1.684000e+000	4.022045e-004
1.683000000000178e+000	1.683000e+000	4.023010e-004
1.682000000000179e+000	1.682000e+000	4.023974e-004
1.681000000000179e+000	1.681000e+000	4.024937e-004
1.680000000000179e+000	1.680000e+000	4.025899e-004
1.679000000000179e+000	1.679000e+000	4.026859e-004
1.678000000000179e+000	1.678000e+000	4.027818e-004
1.677000000000179e+000	1.677000e+000	4.028775e-004
1.676000000000179e+000	1.676000e+000	4.029731e-004
1.675000000000179e+000	1.675000e+000	4.030686e-004
1.674000000000179e+000	1.674000e+000	4.031640e-004
1.673000000000180e+000	1.673000e+000	4.032592e-004
1.672000000000180e+000	1.672000e+000	4.033542e-004
1.671000000000180e+000	1.671000e+000	4.034492e-004
1.670000000000180e+000	1.670000e+000	4.035440e-004
1.669000000000180e+000	1.669000e+000	4.036387e-004
1.668000000000180e+000	1.668000e+000	4.037332e-004
1.667000000000180e+000	1.667000e+000	4.038276e-004
1.666000000000180e+000	1.666000e+000	4.039219e-004
1.665000000000180e+000	1.665000e+000	4.040161e-004
1.664000000000180e+000	1.664000e+000	4.041101e-004
1.663000000000181e+000	1.663000e+000	4.042040e-004
1.662000000000181e+000	1.662000e+000	4.042978e-004
1.661000000000181e+000	1.661000e+000	4.043914e-004
1.660000000000181e+000	1.660000e+000	4.044849e-004
1.659000000000181e+000	1.659000e+000	4.045783e-004
1.658000000000181e+000	1.658000e+000	4.046715e-004
1.657000000000181e+000	1.657000e+000	4.047646e-004
1.656000000000181e+000	1.656000e+000	4.048576e-004
1.655000000000181e+000	1.655000e+000	4.049505e-004
1.654000000000182e+000	1.654000e+000	4.050432e-004
1.653000000000182e+000	1.653000e+000	4.051358e-004
1.652000000000182e+000	1.652000e+000	4.052283e-004
1.651000000000182e+000	1.651000e+000	4.053207e-004
1.650000000000000e+000	1.650000e+000	4.054129e-004
